1
514 2024
1 514
1 5 1000000
1 4 1000000
1 3 1000000
1 2 1000000
2 17 627537
2 15 748583
2 8 490035
2 13 145702
3 8 462637
3 19 173265
3 17 939821
3 15 384434
4 13 420918
4 9 842878
4 10 421038
4 8 917308
5 19 643938
5 14 54441
5 7 650324
5 12 691869
6 19 689430
6 9 367067
6 13 484638
6 7 933527
7 13 305316
7 15 518782
7 19 246876
7 10 871657
8 20 310701
8 24 47738
8 19 292888
8 17 102481
9 17 226858
9 23 274036
9 11 55038
9 20 776980
10 23 704849
10 26 641328
10 24 61890
10 21 941657
11 16 60883
11 23 201263
11 19 135989
11 18 334651
12 28 393840
12 15 461405
12 23 507573
12 16 897909
13 28 414233
13 26 285581
13 14 21255
13 25 981594
14 17 400161
14 24 695786
14 19 764241
14 18 932085
15 21 636306
15 18 287384
15 19 646413
15 20 681608
16 20 526644
16 22 380767
16 23 444405
16 32 771908
17 25 21710
17 30 972363
17 31 438822
17 18 794474
18 24 406455
18 21 397737
18 31 799379
18 33 870307
19 24 291284
19 21 119644
19 33 819058
19 25 757071
20 24 959134
20 29 268097
20 35 661673
20 25 934546
21 28 57488
21 24 70777
21 31 736438
21 37 345602
22 30 865077
22 23 744953
22 25 984654
22 33 539584
23 38 327167
23 39 734354
23 33 801400
23 35 392622
24 35 578912
24 36 698353
24 26 169609
24 40 716959
25 29 987320
25 34 123157
25 35 27612
25 40 9617
26 41 947949
26 27 449694
26 28 328986
26 37 882238
27 36 4837
27 31 40938
27 38 728771
27 35 202185
28 39 155198
28 31 425465
28 32 817058
28 30 353365
29 34 215368
29 41 194487
29 30 579111
29 45 966744
30 33 290371
30 32 368797
30 34 848489
30 35 24672
31 42 330316
31 36 66575
31 37 368951
31 33 575818
32 41 22304
32 45 781785
32 35 117180
32 33 607840
33 44 863838
33 37 933247
33 38 311419
33 45 787115
34 39 883155
34 47 591238
34 35 211583
34 46 312174
35 44 554720
35 47 37097
35 51 305639
35 38 102078
36 50 959118
36 51 699498
36 37 701215
36 39 649066
37 44 241255
37 45 479091
37 50 944794
37 40 781526
38 50 928257
38 42 326443
38 45 857366
38 44 952934
39 47 322502
39 46 662151
39 48 910472
39 54 719609
40 54 738163
40 55 883285
40 45 333899
40 41 657207
41 45 492195
41 53 652362
41 51 581665
41 43 422416
42 51 730967
42 50 555415
42 47 889736
42 46 786095
43 48 256073
43 49 617669
43 58 682092
43 57 892709
44 49 749823
44 59 27910
44 46 167793
44 54 52310
45 47 142265
45 60 92582
45 54 124367
45 57 180785
46 60 356553
46 62 344059
46 50 671982
46 53 125995
47 61 672532
47 60 966808
47 62 21685
47 50 503507
48 49 163253
48 57 45977
48 60 986206
48 51 991015
49 56 682866
49 55 249373
49 59 2654
49 58 287839
50 54 931024
50 62 257426
50 60 770909
50 63 165412
51 58 506776
51 52 191007
51 55 37932
51 61 404022
52 56 722015
52 57 344573
52 58 944301
52 64 861626
53 69 640488
53 65 796889
53 64 275673
53 56 831629
54 68 703186
54 66 819544
54 67 253275
54 56 425902
55 62 642464
55 59 542380
55 63 477599
55 70 633132
56 71 883391
56 69 152954
56 61 139455
56 59 642372
57 70 509046
57 64 463672
57 63 423235
57 71 690425
58 59 565636
58 71 238025
58 61 664917
58 74 439281
59 69 977051
59 65 61118
59 74 692744
59 67 873935
60 76 778646
60 69 867173
60 61 574375
60 67 103232
61 76 221915
61 75 617854
61 62 10820
61 74 988617
62 66 39285
62 73 592555
62 77 743182
62 78 924551
63 74 531710
63 77 825637
63 64 757515
63 76 318424
64 67 806418
64 75 378351
64 77 375584
64 76 281473
65 66 967801
65 75 260288
65 78 533300
65 79 764923
66 77 31902
66 81 428679
66 70 447987
66 80 889870
67 77 594098
67 73 395605
67 68 398387
67 83 619253
68 71 244666
68 72 185087
68 83 761836
68 84 933281
69 80 842863
69 82 240318
69 78 5162
69 81 434161
70 81 545118
70 71 681484
70 82 951584
70 75 678441
71 85 554501
71 72 757981
71 87 272544
71 81 894833
72 88 603361
72 79 577353
72 83 293957
72 87 920646
73 88 433220
73 84 336019
73 79 70045
73 87 786681
74 83 632986
74 86 722456
74 88 198662
74 87 173130
75 88 637622
75 90 797011
75 84 880889
75 78 304935
76 80 963474
76 91 111170
76 83 983961
76 90 86644
77 81 403638
77 82 864575
77 91 556082
77 78 574810
78 79 92569
78 89 866601
78 86 599102
78 88 670689
79 86 766451
79 95 475422
79 84 552658
79 91 551477
80 88 168143
80 86 777560
80 81 849272
80 96 986930
81 94 432753
81 90 231702
81 92 179294
81 93 878697
82 97 626217
82 83 386003
82 88 250929
82 91 712362
83 90 605287
83 96 61318
83 93 460496
83 88 729527
84 96 343566
84 93 860679
84 97 276711
84 89 329444
85 98 310942
85 91 529605
85 88 171366
85 100 346280
86 102 679631
86 98 162440
86 96 44558
86 93 193930
87 100 179624
87 92 666180
87 91 812010
87 94 833331
88 97 71121
88 91 553254
88 100 752218
88 94 535106
89 93 803447
89 102 40369
89 100 832385
89 101 495937
90 93 74848
90 96 648945
90 102 502109
90 100 259833
91 94 91891
91 103 887898
91 96 801919
91 107 727998
92 97 179403
92 103 431153
92 104 699244
92 102 371184
93 94 579107
93 104 818454
93 97 416223
93 101 609793
94 100 903779
94 98 919346
94 96 660392
94 101 195505
95 103 442405
95 107 298211
95 111 87464
95 101 814282
96 103 960850
96 112 978078
96 98 556838
96 108 243551
97 108 944083
97 113 723692
97 111 85831
97 103 683328
98 113 989495
98 109 163707
98 111 59101
98 110 992864
99 109 502313
99 108 973785
99 101 473451
99 105 419341
100 112 716105
100 107 463761
100 115 706713
100 106 611884
101 108 464341
101 115 26131
101 113 588106
101 109 859867
102 114 250755
102 106 845741
102 104 858423
102 108 963050
103 111 545960
103 116 298150
103 112 595506
103 119 283745
104 118 58273
104 120 354297
104 105 369159
104 117 142489
105 119 885523
105 116 85523
105 120 898831
105 110 487362
106 117 652251
106 120 602541
106 111 325834
106 108 445339
107 118 73832
107 110 462247
107 116 936970
107 109 647448
108 123 765179
108 109 679331
108 112 307297
108 117 303948
109 118 544055
109 121 29354
109 125 654414
109 120 473491
110 115 781731
110 111 958615
110 114 990941
110 121 826777
111 122 709431
111 121 477595
111 127 709981
111 115 117928
112 117 766571
112 115 199997
112 123 64350
112 121 776729
113 118 594170
113 114 313608
113 119 816369
113 124 610490
114 117 479358
114 122 284466
114 116 152747
114 126 719029
115 117 752239
115 131 531428
115 125 533288
115 120 192858
116 126 684159
116 127 419914
116 117 214289
116 132 830891
117 120 241357
117 123 356244
117 128 911682
117 127 243350
118 123 776671
118 125 987422
118 126 808123
118 122 70981
119 123 7956
119 135 677538
119 132 60420
119 129 665237
120 135 185189
120 134 203949
120 132 53511
120 124 360412
121 127 446663
121 128 839906
121 124 993083
121 122 146100
122 129 774572
122 133 465061
122 130 19113
122 124 558483
123 132 227019
123 138 340605
123 127 377408
123 128 54471
124 131 866561
124 133 101836
124 134 950757
124 136 544064
125 135 832814
125 131 777936
125 127 305016
125 132 731756
126 127 496151
126 130 421133
126 137 469912
126 141 828739
127 139 524964
127 129 176309
127 143 54646
127 138 778156
128 135 568394
128 136 328153
128 132 177247
128 140 586932
129 144 957524
129 130 575344
129 133 930276
129 137 612434
130 136 164944
130 140 931639
130 142 282473
130 141 633830
131 139 259532
131 136 381260
131 133 223585
131 135 751109
132 140 264457
132 142 926344
132 147 233827
132 139 461650
133 139 288086
133 143 976001
133 140 522417
133 136 834413
134 136 844513
134 146 232378
134 149 543418
134 140 577053
135 136 667467
135 148 753983
135 140 540822
135 145 98179
136 151 752938
136 138 660168
136 137 481640
136 143 663412
137 153 854472
137 147 561883
137 141 902280
137 150 46995
138 140 120196
138 139 352486
138 146 681243
138 147 16152
139 142 963119
139 149 744644
139 148 552154
139 150 696192
140 148 965939
140 146 124613
140 152 276559
140 153 150570
141 150 456670
141 151 221056
141 148 374690
141 155 542430
142 151 51124
142 150 916689
142 149 431922
142 146 873755
143 150 882775
143 147 554802
143 146 763984
143 154 226785
144 147 54819
144 160 529281
144 153 515634
144 149 366861
145 157 586014
145 161 904783
145 154 570270
145 156 832456
146 157 717492
146 153 774558
146 154 355019
146 151 169073
147 149 950163
147 150 996938
147 161 246663
147 148 400468
148 162 745192
148 152 706298
148 155 48569
148 157 912737
149 164 334568
149 159 785735
149 157 48880
149 155 307325
150 153 95330
150 155 449621
150 151 659522
150 166 340641
151 155 423738
151 159 318732
151 162 25004
151 157 972417
152 156 999920
152 154 824217
152 165 773786
152 161 123847
153 167 124289
153 169 714862
153 159 299455
153 161 982461
154 169 403007
154 160 759450
154 168 929857
154 156 360151
155 158 530772
155 170 144260
155 165 497451
155 159 884418
156 163 349529
156 169 462572
156 166 576580
156 171 784378
157 172 869482
157 164 404701
157 165 916584
157 159 85672
158 162 93351
158 174 595902
158 169 510913
158 172 148990
159 169 712925
159 168 781160
159 175 508540
159 174 928468
160 171 52497
160 166 540364
160 174 363182
160 168 574762
161 173 398849
161 170 78905
161 172 524002
161 166 810615
162 177 479429
162 167 512325
162 168 858786
162 163 702534
163 167 844431
163 177 800737
163 176 51285
163 164 514984
164 175 706088
164 174 307084
164 170 290821
164 166 177572
165 170 271941
165 168 906198
165 169 746444
165 180 485605
166 173 670859
166 169 120027
166 176 235944
166 167 27867
167 179 637613
167 182 118154
167 175 559407
167 171 957788
168 175 888870
168 176 773806
168 171 199283
168 172 192136
169 179 125852
169 180 434782
169 170 302416
169 175 187788
170 173 636731
170 172 686573
170 171 886476
170 179 394344
171 185 894797
171 177 388379
171 182 28608
171 174 4649
172 176 694017
172 181 673449
172 175 10927
172 174 736321
173 181 462175
173 185 730112
173 175 524007
173 182 303775
174 178 393993
174 180 969911
174 176 493249
174 183 948750
175 180 938687
175 176 878583
175 179 809789
175 181 141758
176 189 510043
176 178 967765
176 191 718992
176 192 641050
177 178 185964
177 187 931609
177 189 792344
177 188 440139
178 181 476402
178 188 831830
178 191 578515
178 192 45058
179 193 396228
179 194 439100
179 183 91198
179 187 428626
180 188 142518
180 192 877489
180 189 161161
180 193 985014
181 186 810173
181 196 493506
181 189 471032
181 184 699019
182 192 70361
182 184 311384
182 187 131941
182 191 631900
183 193 419324
183 187 26774
183 188 509180
183 190 551457
184 191 91793
184 185 653685
184 197 154117
184 193 755475
185 196 321228
185 193 103743
185 200 595264
185 194 162875
186 193 918582
186 188 35936
186 187 348165
186 196 367126
187 196 153790
187 189 488185
187 192 258594
187 188 669506
188 200 414627
188 190 360890
188 199 813419
188 196 851804
189 205 594892
189 192 847216
189 193 200876
189 194 146700
190 195 734856
190 191 508649
190 196 277793
190 203 880599
191 199 323436
191 192 672553
191 201 892700
191 200 831601
192 201 796345
192 198 718075
192 195 724441
192 199 847463
193 200 421682
193 197 859356
193 199 36800
193 201 459666
194 203 63288
194 202 24802
194 210 863194
194 195 553487
195 200 580676
195 203 149435
195 204 734675
195 205 62002
196 197 924116
196 207 294632
196 200 224483
196 204 59342
197 203 424986
197 202 748454
197 212 838166
197 204 603338
198 210 826217
198 200 789923
198 205 780083
198 212 830336
199 212 387540
199 213 844912
199 209 380584
199 211 452189
200 209 268291
200 204 738012
200 210 374668
200 211 13885
201 204 649458
201 209 663324
201 217 307950
201 211 476309
202 205 917275
202 216 480699
202 215 166016
202 206 231392
203 209 330634
203 210 723257
203 211 26422
203 213 92432
204 216 329313
204 206 97998
204 217 366189
204 220 694312
205 206 789589
205 208 162802
205 210 747327
205 217 998146
206 216 621144
206 213 347300
206 221 924770
206 217 737615
207 215 371055
207 220 576034
207 217 196469
207 216 555232
208 216 123787
208 218 56088
208 211 815111
208 209 603104
209 210 516077
209 218 253464
209 222 371531
209 220 86051
210 220 399969
210 211 463769
210 226 576601
210 219 687148
211 223 883398
211 212 992651
211 218 642857
211 221 551936
212 224 812501
212 222 734253
212 218 102556
212 228 726450
213 228 46204
213 214 829871
213 217 191952
213 220 198652
214 215 865771
214 218 431783
214 224 808141
214 223 433338
215 226 46604
215 218 804875
215 221 339480
215 224 207570
216 219 484405
216 229 702393
216 222 101905
216 224 980338
217 223 384767
217 233 697919
217 225 755625
217 218 245612
218 234 22005
218 230 768086
218 227 390596
218 228 997027
219 229 565582
219 233 202512
219 235 78869
219 225 276177
220 236 899365
220 234 844247
220 221 614319
220 227 183606
221 228 854322
221 237 861312
221 233 529743
221 236 206714
222 235 81668
222 226 759586
222 238 389704
222 232 413765
223 236 644873
223 226 488861
223 238 647802
223 237 977387
224 239 233158
224 231 559466
224 226 528645
224 233 88183
225 230 664201
225 229 504552
225 228 577066
225 236 518253
226 227 958042
226 237 659646
226 242 169193
226 240 546237
227 234 388547
227 232 643336
227 237 331341
227 239 613005
228 232 760279
228 235 707654
228 242 987265
228 239 964676
229 231 399222
229 233 792369
229 239 519249
229 240 459084
230 236 719502
230 245 748426
230 243 249753
230 232 561882
231 239 374327
231 241 183518
231 237 595476
231 246 432852
232 245 650557
232 244 631664
232 247 959190
232 239 638489
233 234 111053
233 246 91087
233 245 471923
233 240 310606
234 237 177455
234 236 961736
234 239 456014
234 242 911127
235 242 503198
235 247 377875
235 246 80810
235 236 150065
236 251 844036
236 249 88715
236 244 258312
236 239 194366
237 242 183278
237 244 387529
237 243 557743
237 246 117229
238 239 36957
238 243 307793
238 249 788211
238 241 963394
239 249 890487
239 252 834977
239 247 14698
239 253 722922
240 241 834557
240 242 738390
240 254 905290
240 248 446134
241 247 166004
241 252 321200
241 243 355213
241 255 555248
242 256 57626
242 248 685621
242 244 168803
242 255 837902
243 246 47851
243 247 896154
243 257 187386
243 253 502158
244 257 272131
244 255 649577
244 256 692320
244 251 340117
245 261 720284
245 253 785539
245 248 945576
245 246 429791
246 257 187722
246 252 889108
246 254 158399
246 255 520541
247 263 724363
247 258 215339
247 254 11570
247 249 770433
248 254 968313
248 258 550744
248 264 997322
248 262 343938
249 261 535737
249 265 207556
249 255 176760
249 259 700817
250 262 922279
250 255 440285
250 264 243998
250 263 37921
251 260 22640
251 258 437478
251 259 977726
251 255 950833
252 254 281481
252 253 961271
252 263 557642
252 259 851242
253 269 720760
253 254 770453
253 261 865461
253 258 252125
254 266 234393
254 259 77506
254 256 276716
254 260 981030
255 264 450259
255 262 755075
255 258 122877
255 259 567330
256 262 875521
256 268 646747
256 260 582980
256 269 697082
257 264 890950
257 258 164940
257 259 46808
257 261 360149
258 267 351194
258 269 161851
258 265 888522
258 270 622724
259 263 480937
259 265 737191
259 271 537731
259 261 179438
260 262 448545
260 273 201876
260 261 621488
260 268 342497
261 269 135323
261 266 234899
261 271 215995
261 277 112021
262 270 886997
262 265 610945
262 272 430685
262 267 157043
263 269 330832
263 271 852943
263 270 658271
263 272 139097
264 274 318270
264 266 518586
264 275 916288
264 279 371189
265 279 16348
265 267 94355
265 266 81964
265 269 264179
266 269 313353
266 277 981466
266 276 82769
266 281 457699
267 273 686906
267 274 232725
267 275 238361
267 276 115857
268 278 880373
268 271 874459
268 272 234771
268 281 906695
269 274 326586
269 270 88703
269 276 237743
269 275 361536
270 281 58752
270 280 468386
270 272 663922
270 271 376106
271 273 164159
271 287 613583
271 279 377865
271 281 982444
272 286 404985
272 277 382483
272 280 467577
272 284 932211
273 275 896364
273 286 499059
273 277 679480
273 288 833611
274 277 29461
274 279 518428
274 287 847572
274 276 796094
275 287 710147
275 291 532455
275 289 692414
275 278 136044
276 287 212602
276 281 738554
276 280 563693
276 279 282119
277 281 376112
277 288 38575
277 285 396237
277 286 770927
278 285 213498
278 281 65851
278 282 196350
278 287 674967
279 287 111038
279 285 598842
279 284 565001
279 290 695051
280 290 725093
280 284 112354
280 285 122109
280 293 633646
281 285 120535
281 284 172173
281 286 872131
281 289 293140
282 284 384871
282 295 465213
282 285 525350
282 287 758061
283 287 157831
283 298 10386
283 285 302936
283 293 917770
284 293 93993
284 300 556765
284 289 590289
284 296 558354
285 294 991318
285 297 774879
285 301 714392
285 291 441266
286 287 72053
286 293 300026
286 297 65885
286 296 719283
287 302 625587
287 290 162355
287 301 303646
287 298 147652
288 300 231425
288 291 356920
288 292 744866
288 295 577081
289 298 221465
289 297 191631
289 304 947871
289 292 93033
290 295 165816
290 293 245379
290 301 753568
290 291 60198
291 307 783548
291 296 879092
291 297 604779
291 305 51321
292 298 631058
292 296 671077
292 307 260562
292 306 108404
293 300 663541
293 303 118440
293 306 461907
293 302 373323
294 298 45108
294 304 249345
294 306 405905
294 299 135726
295 298 273306
295 307 529666
295 311 809709
295 301 396327
296 307 769559
296 309 498551
296 303 131765
296 308 529118
297 300 291855
297 306 591838
297 298 763917
297 309 51766
298 303 26530
298 313 85972
298 310 901802
298 314 707008
299 308 473576
299 302 502197
299 300 685626
299 315 296172
300 311 581393
300 312 889259
300 302 704743
300 304 833576
301 308 446990
301 314 241986
301 317 878893
301 310 749231
302 313 279992
302 304 428061
302 318 655141
302 314 949161
303 311 450341
303 319 705068
303 318 353271
303 308 902676
304 313 69088
304 316 618642
304 310 865308
304 307 611712
305 310 422408
305 319 816736
305 313 781659
305 314 375049
306 313 52038
306 322 146933
306 317 589493
306 318 167911
307 318 277037
307 316 846477
307 320 405053
307 311 554584
308 312 810589
308 320 313948
308 313 957835
308 316 677526
309 311 987513
309 314 424989
309 325 640748
309 317 769247
310 311 522340
310 325 264966
310 323 297124
310 321 536801
311 321 282863
311 318 862754
311 325 10963
311 327 223978
312 321 232543
312 316 182752
312 317 287329
312 326 763680
313 314 145562
313 326 191435
313 315 989302
313 318 714606
314 321 405359
314 324 615958
314 326 721054
314 318 669329
315 320 325964
315 323 605395
315 327 441897
315 326 393550
316 328 875131
316 320 404202
316 322 915315
316 329 369462
317 319 567487
317 328 581451
317 324 729333
317 321 911644
318 319 599772
318 324 724735
318 323 652763
318 334 501218
319 323 153755
319 335 754863
319 325 560402
319 326 745775
320 333 124024
320 327 403479
320 322 729616
320 328 402741
321 325 684245
321 330 921528
321 322 320757
321 327 647440
322 325 493876
322 337 701449
322 331 888709
322 327 538868
323 324 225161
323 328 959095
323 330 76249
323 332 213164
324 328 936973
324 339 162925
324 331 86368
324 337 857020
325 334 164911
325 337 267022
325 341 785008
325 330 225815
326 329 329614
326 328 844683
326 342 714005
326 340 366040
327 332 505093
327 342 722957
327 328 922389
327 337 509753
328 335 260447
328 337 437795
328 340 303733
328 339 470667
329 339 478282
329 336 31448
329 343 638004
329 333 839917
330 341 250215
330 342 514601
330 339 366390
330 334 965582
331 339 504604
331 346 371619
331 342 44086
331 338 363796
332 346 506417
332 348 37611
332 345 449059
332 344 619083
333 336 877516
333 338 82267
333 340 479720
333 345 355808
334 344 562425
334 335 173552
334 342 76503
334 336 814414
335 344 679179
335 351 287252
335 346 437714
335 341 134272
336 341 609720
336 344 376592
336 339 438200
336 350 215842
337 340 402804
337 344 276101
337 339 359394
337 349 322252
338 347 235496
338 339 647710
338 352 295993
338 341 145310
339 348 362251
339 346 596150
339 345 565297
339 347 750313
340 349 614160
340 355 601792
340 353 832542
340 348 482485
341 352 595418
341 344 313934
341 347 501655
341 356 959416
342 343 705582
342 344 370568
342 356 471984
342 346 343495
343 355 503559
343 350 662169
343 357 598213
343 348 47608
344 347 267865
344 356 836109
344 348 17070
344 357 792098
345 353 57389
345 347 127208
345 355 687555
345 349 713895
346 353 609147
346 357 263588
346 362 784705
346 348 270813
347 351 183557
347 362 758464
347 358 830348
347 359 331105
348 357 643740
348 356 85773
348 360 115088
348 355 460995
349 360 177993
349 351 735594
349 353 341813
349 350 415023
350 364 371967
350 359 527529
350 357 397988
350 361 131905
351 358 667075
351 361 836594
351 360 257441
351 359 42189
352 359 645794
352 357 116378
352 363 714472
352 360 288160
353 367 750560
353 369 128900
353 357 707658
353 364 755160
354 370 867788
354 357 310152
354 358 676698
354 362 149122
355 357 696540
355 367 203548
355 360 746243
355 356 52119
356 368 881179
356 367 207659
356 358 196239
356 366 126268
357 372 410980
357 362 708434
357 359 29180
357 369 229729
358 360 883273
358 371 692246
358 361 534637
358 369 241694
359 369 941954
359 371 263756
359 372 628213
359 374 440904
360 364 808330
360 362 620767
360 374 381532
360 366 329160
361 372 150737
361 371 512949
361 374 965389
361 377 776830
362 368 773112
362 376 954948
362 369 308407
362 372 28748
363 369 895294
363 378 456572
363 377 188673
363 365 273145
364 369 825176
364 366 447662
364 377 818096
364 378 338456
365 375 569581
365 367 330410
365 373 370375
365 378 164
366 380 670675
366 369 518223
366 374 25088
366 379 661286
367 382 69146
367 378 530555
367 371 770651
367 381 355465
368 381 67963
368 377 892420
368 371 290085
368 384 694186
369 373 913541
369 370 168502
369 377 555711
369 384 661565
370 384 219967
370 380 476985
370 374 771294
370 382 243137
371 378 305186
371 380 260841
371 372 916952
371 383 901594
372 380 10381
372 379 108655
372 374 581381
372 377 55692
373 384 634515
373 382 105974
373 376 101837
373 385 288376
374 383 559591
374 387 477113
374 375 909128
374 390 52623
375 381 344569
375 390 582231
375 377 800195
375 389 716595
376 385 836599
376 389 244795
376 379 340201
376 386 648303
377 385 335365
377 381 692695
377 379 44307
377 380 167685
378 389 384902
378 379 983336
378 391 489176
378 381 973493
379 383 404717
379 387 830694
379 393 814881
379 385 962417
380 383 286734
380 385 266821
380 384 571431
380 389 831947
381 386 266249
381 397 453512
381 390 208003
381 396 286221
382 392 729766
382 395 625183
382 384 140994
382 385 119225
383 390 232227
383 393 243887
383 389 609622
383 392 236879
384 385 195214
384 397 946239
384 386 383610
384 394 244358
385 396 248603
385 395 92942
385 388 264034
385 394 112714
386 401 317739
386 390 919959
386 393 613945
386 400 377590
387 392 843249
387 388 638078
387 403 38291
387 389 349360
388 396 718543
388 394 233424
388 402 282819
388 403 59340
389 402 517774
389 397 81114
389 400 112563
389 401 281720
390 404 319757
390 393 179872
390 398 245806
390 396 678542
391 404 159392
391 392 60237
391 407 241375
391 405 24226
392 400 743967
392 399 132358
392 394 911590
392 404 463364
393 400 621972
393 404 932565
393 406 402420
393 409 108879
394 403 457714
394 396 192005
394 401 961585
394 405 106436
395 396 423855
395 409 647488
395 401 767643
395 411 553028
396 407 482696
396 412 370315
396 402 155518
396 408 486379
397 409 94652
397 403 589303
397 398 246250
397 406 234021
398 414 425162
398 401 366206
398 413 481560
398 409 937066
399 409 493586
399 408 812463
399 407 914654
399 410 82035
400 402 922166
400 416 856371
400 410 642280
400 408 814241
401 410 902481
401 416 605079
401 408 712729
401 404 701394
402 414 807484
402 418 64501
402 412 476541
402 405 256545
403 410 785458
403 408 702360
403 416 111091
403 407 84506
404 418 836188
404 407 580673
404 411 179042
404 416 229445
405 416 877161
405 418 434503
405 414 66749
405 421 620617
406 419 786065
406 410 911507
406 417 983272
406 415 185208
407 413 24478
407 409 277522
407 417 944597
407 418 998033
408 412 445962
408 422 96865
408 411 362055
408 417 353074
409 423 212370
409 414 221814
409 422 675627
409 415 152729
410 422 16795
410 424 178605
410 420 310256
410 415 922433
411 413 320580
411 412 417819
411 425 979335
411 420 347666
412 422 643595
412 417 186927
412 426 119615
412 416 73966
413 415 923793
413 426 692555
413 425 276401
413 416 525044
414 423 701926
414 430 146726
414 425 707225
414 427 631782
415 417 76526
415 422 269071
415 423 774955
415 416 886522
416 419 815657
416 428 989054
416 429 589582
416 420 502983
417 428 82692
417 430 120343
417 432 780845
417 427 951353
418 423 21467
418 427 933253
418 433 932750
418 431 630964
419 425 958247
419 432 652873
419 431 494442
419 423 98859
420 423 390903
420 433 487869
420 431 309589
420 426 615753
421 435 60203
421 437 511434
421 428 941299
421 422 59613
422 424 58772
422 430 839581
422 436 636267
422 433 228985
423 439 17829
423 437 271909
423 425 148580
423 430 391131
424 429 44618
424 437 602389
424 432 540836
424 440 105348
425 430 392968
425 431 29215
425 427 197136
425 428 94011
426 431 340886
426 436 725113
426 432 464758
426 439 286704
427 429 190185
427 432 644678
427 433 194122
427 435 64026
428 432 283944
428 441 961565
428 431 261026
428 429 368150
429 443 700285
429 441 846933
429 431 170250
429 432 779281
430 434 7183
430 432 172587
430 444 964627
430 445 91738
431 447 787779
431 439 376208
431 443 777745
431 438 960465
432 446 869568
432 440 541009
432 435 956223
432 445 771071
433 436 314016
433 449 120897
433 447 865485
433 443 325554
434 450 771960
434 441 112455
434 437 331029
434 448 972525
435 446 313767
435 443 708834
435 441 411832
435 448 616361
436 446 691653
436 442 62525
436 437 734022
436 443 849748
437 452 702730
437 441 188165
437 450 805606
437 439 960763
438 443 643627
438 454 650465
438 447 315217
438 440 41302
439 451 951718
439 441 274716
439 449 238360
439 450 96944
440 443 832030
440 449 657060
440 446 9469
440 454 132258
441 447 745086
441 449 631576
441 443 11874
441 442 709542
442 448 914058
442 445 544688
442 458 349683
442 443 529584
443 454 678390
443 449 697872
443 445 282081
443 455 871209
444 449 947084
444 451 72997
444 452 832453
444 450 909355
445 458 288737
445 446 529582
445 455 918063
445 457 74369
446 456 362329
446 462 772447
446 449 608180
446 447 616175
447 449 923115
447 456 926425
447 462 75888
447 459 922693
448 459 723906
448 456 116039
448 463 955840
448 452 649538
449 456 112395
449 451 117001
449 453 7200
449 463 863666
450 457 911400
450 459 562255
450 462 455719
450 464 720919
451 457 978633
451 452 606148
451 465 706308
451 462 771890
452 453 846728
452 462 867966
452 466 868428
452 454 684757
453 459 291024
453 467 830577
453 464 538776
453 466 889832
454 466 817071
454 461 757578
454 462 157857
454 468 462895
455 465 652621
455 457 666951
455 466 45252
455 461 24451
456 458 703184
456 464 782780
456 467 434820
456 460 714787
457 471 190653
457 466 794139
457 463 393113
457 459 122806
458 474 26700
458 470 716970
458 465 822501
458 473 986970
459 463 947791
459 474 972095
459 471 594914
459 473 910392
460 476 729660
460 475 198645
460 461 499508
460 463 111220
461 473 714706
461 465 476882
461 472 295330
461 462 28455
462 472 316677
462 467 639125
462 474 885330
462 463 244727
463 466 912621
463 469 197395
463 476 446489
463 468 13659
464 474 172961
464 480 32843
464 467 269852
464 471 818807
465 466 737415
465 473 313697
465 471 432473
465 480 73031
466 476 185690
466 482 728254
466 471 274244
466 470 163622
467 478 883202
467 480 266391
467 471 377247
467 483 119036
468 476 501760
468 479 989176
468 475 696069
468 469 592786
469 477 814404
469 485 306267
469 484 135366
469 479 536112
470 473 738610
470 472 376271
470 479 118645
470 475 384840
471 472 83493
471 480 300460
471 484 844287
471 487 267278
472 482 468082
472 487 203049
472 484 161247
472 488 812315
473 475 186331
473 485 38842
473 488 975840
473 487 625251
474 480 365047
474 477 810966
474 486 309780
474 476 95178
475 485 777889
475 479 628841
475 481 232168
475 487 781361
476 489 975331
476 486 617934
476 484 818738
476 479 761622
477 480 339114
477 481 1437
477 487 558638
477 493 400825
478 481 746222
478 494 770473
478 493 723365
478 487 398739
479 490 5205
479 487 279867
479 491 83184
479 489 151315
480 492 904149
480 482 936863
480 484 289343
480 487 714293
481 482 841896
481 488 937914
481 483 720691
481 489 531647
482 486 294295
482 492 954609
482 491 534146
482 484 90029
483 498 175694
483 484 642515
483 491 76139
483 496 492136
484 486 801242
484 494 622838
484 488 590440
484 498 86915
485 493 872432
485 495 969695
485 497 854308
485 494 62783
486 495 237157
486 489 121647
486 494 35427
486 498 267513
487 489 998454
487 490 628559
487 502 516981
487 498 510409
488 499 952376
488 495 719060
488 496 339981
488 497 872575
489 495 710732
489 504 133637
489 503 49869
489 497 489761
490 500 577648
490 502 210612
490 497 804256
490 494 143378
491 497 574171
491 499 542958
491 496 602861
491 493 292035
492 508 847993
492 501 374759
492 500 399120
492 496 696188
493 503 500408
493 502 828749
493 506 48484
493 507 769601
494 501 624376
494 503 395176
494 495 307593
494 502 477252
495 508 627315
495 505 351216
495 509 6932
495 511 650187
496 508 570977
496 510 364794
496 511 687846
496 509 418661
497 498 151255
497 499 660648
497 500 357337
497 511 755408
498 510 126536
498 512 758307
498 499 746533
498 507 214537
499 512 651676
499 503 647615
499 511 508963
499 501 198000
500 506 717262
500 507 575206
500 512 901968
500 501 175313
501 503 251640
501 508 968342
501 504 822175
502 504 732709
502 507 338388
502 508 382234
502 509 89822
503 510 915771
503 512 727455
504 509 432656
505 511 545613
505 506 679602
506 509 330290
507 509 872262
507 510 248759
507 512 533208
508 510 22020
509 513 718100
510 514 1000000
511 513 725048
511 514 1000000
512 513 925581
512 514 1000000
513 514 1000000
