1
514 2019
1 514
1 5 1000000
1 4 1000000
1 3 1000000
1 2 1000000
2 3 179034
2 13 325843
2 18 27969
2 10 201447
3 6 280129
3 12 679077
3 14 743097
3 4 800973
4 8 670545
4 14 691227
4 5 696820
4 11 531683
5 7 543754
5 9 969833
5 15 371885
5 19 832171
6 14 175765
6 7 768664
6 15 440586
6 13 121051
7 17 574463
7 8 35121
7 18 256865
7 9 397983
8 22 149719
8 10 566795
8 12 776690
8 19 446286
9 13 717576
9 25 978490
9 17 516553
9 14 922368
10 16 155389
10 12 507479
10 11 353363
10 19 315491
11 27 389630
11 24 948305
11 18 945568
11 12 728577
12 15 322069
12 20 526811
12 14 252751
12 25 865622
13 25 38083
13 27 765244
13 23 616726
13 15 683106
14 24 20759
14 23 338998
14 18 592655
14 22 753062
15 16 52567
15 21 932333
15 17 507907
15 20 811222
16 25 998947
16 28 670747
16 32 756609
16 27 33418
17 20 251493
17 21 80074
17 23 236487
17 31 851793
18 31 681243
18 28 787665
18 22 541664
18 33 119033
19 29 427235
19 30 301072
19 25 637704
19 24 930201
20 36 603801
20 31 176674
20 32 847765
20 27 492220
21 33 192216
21 32 933226
21 27 70303
21 31 412181
22 32 269606
22 38 697861
22 28 90204
22 30 537452
23 29 690305
23 28 141008
23 35 822640
23 27 996226
24 27 774600
24 26 250766
24 29 758407
24 35 472142
25 34 601685
25 36 199112
25 31 183440
25 27 952462
26 27 774081
26 42 478308
26 28 441445
26 32 922166
27 35 360291
27 29 121132
27 36 665972
27 37 976962
28 29 340918
28 31 245479
28 38 47396
28 34 521371
29 37 866314
29 34 487815
29 33 875029
29 41 408410
30 35 435629
30 43 325197
30 42 890635
30 40 819621
31 45 476600
31 39 379287
31 47 666385
31 43 608502
32 39 142682
32 40 314987
32 44 543083
32 34 491959
33 41 967035
33 47 341539
33 38 331255
33 35 106062
34 44 181043
34 49 209813
34 41 738635
34 50 673524
35 51 373883
35 44 339195
35 43 266698
35 38 545092
36 47 507896
36 41 579359
36 37 325078
36 52 490187
37 53 988165
37 52 427223
37 49 290734
37 51 685158
38 50 104036
38 53 313166
38 48 54897
38 46 798140
39 55 605933
39 42 970528
39 46 484706
39 43 258429
40 52 123971
40 47 496809
40 50 120367
40 46 922200
41 51 136375
41 50 915905
41 49 313645
41 54 35630
42 54 267392
42 45 144719
42 55 554902
42 53 588186
43 47 174620
43 59 854848
43 48 700175
43 51 740246
44 49 71990
44 59 96257
44 51 605537
44 52 463583
45 50 602839
45 49 801456
45 55 243994
45 54 811467
46 47 329757
46 62 723896
46 57 491120
46 58 557865
47 60 811329
47 50 480308
47 58 760974
47 62 827659
48 55 743087
48 53 370938
48 50 390830
48 52 498427
49 64 31904
49 63 75904
49 53 545214
49 57 957688
50 52 225340
50 61 632972
50 57 694391
50 63 948015
51 62 371284
51 66 703980
51 63 144416
51 61 359664
52 57 351302
52 68 490034
52 53 909955
52 58 513465
53 69 873989
53 56 644503
53 63 932847
53 54 995977
54 69 527086
54 57 575384
54 62 563694
54 63 566435
55 66 134691
55 68 585281
55 57 774384
55 67 415934
56 58 566994
56 64 526354
56 63 433966
56 72 86569
57 72 949023
57 67 485975
57 59 436959
57 73 499208
58 71 961994
58 73 690351
58 64 372138
58 59 558894
59 73 904592
59 68 353861
59 71 15268
59 64 305576
60 74 965066
60 66 86743
60 73 702935
60 65 185388
61 73 187076
61 62 699324
61 66 854054
61 75 331718
62 78 472938
62 75 629083
62 71 625249
62 64 220210
63 71 697049
63 65 97356
63 72 199457
63 68 740269
64 72 367014
64 70 721170
64 66 823916
64 77 648520
65 72 508421
65 71 375064
65 67 415465
65 66 733853
66 72 429706
66 73 909194
66 74 717920
66 71 526946
67 80 120547
67 73 760318
67 69 299309
67 68 383374
68 79 69524
68 83 843083
68 74 981495
68 73 841135
69 73 363042
69 81 313387
69 76 492368
69 82 601708
70 85 472716
70 71 784272
70 83 610098
70 75 786390
71 86 800863
71 80 209763
71 83 9340
71 73 875674
72 86 62138
72 81 524650
72 80 413515
72 82 452499
73 81 624198
73 78 610244
73 86 548570
73 79 543238
74 78 276391
74 81 241789
74 83 515090
74 82 122041
75 76 505741
75 84 65272
75 83 317393
75 86 21552
76 89 317211
76 82 528577
76 78 486914
76 80 409991
77 89 479362
77 81 263701
77 83 513947
77 86 212363
78 81 175019
78 88 368589
78 86 394144
78 79 407540
79 86 196553
79 90 956643
79 85 994274
79 87 393958
80 89 763474
80 85 232964
80 88 589861
80 83 506649
81 86 108130
81 94 386102
81 88 926945
81 91 161746
82 94 810997
82 86 675255
82 97 938193
82 91 897998
83 86 721924
83 94 104293
83 84 637972
83 89 702189
84 97 900807
84 96 983494
84 98 508397
84 92 253009
85 87 710890
85 100 691518
85 93 740285
85 95 296541
86 88 85910
86 100 651005
86 90 783784
86 99 971028
87 94 793699
87 98 469171
87 103 210248
87 91 988231
88 102 280498
88 97 426614
88 103 667426
88 96 665560
89 102 565112
89 92 500247
89 104 679648
89 90 370283
90 97 324591
90 99 136060
90 94 458405
90 93 322268
91 104 44630
91 102 516116
91 97 45661
91 95 550712
92 99 453141
92 106 499447
92 94 507039
92 97 339495
93 102 712287
93 108 327533
93 96 253939
93 94 904886
94 99 572283
94 97 282762
94 102 434423
94 103 490742
95 108 764619
95 97 587602
95 102 683976
95 96 368090
96 99 415184
96 97 429075
96 104 73605
96 101 610030
97 103 214268
97 106 678270
97 100 546903
97 101 48117
98 114 769506
98 99 354752
98 100 793644
98 108 917532
99 103 334036
99 110 27480
99 111 934918
99 112 707101
100 111 994351
100 101 42366
100 110 875601
100 106 390461
101 114 174182
101 105 858568
101 107 46802
101 110 940237
102 116 306560
102 107 401311
102 110 197300
102 105 873571
103 115 61908
103 106 390639
103 113 451003
103 118 506527
104 115 198434
104 118 159297
104 120 355544
104 108 313551
105 116 116262
105 108 454690
105 118 959510
105 109 273714
106 108 607398
106 115 80587
106 111 663063
106 109 667524
107 108 372618
107 123 994064
107 116 987140
107 109 165372
108 109 108809
108 112 334675
108 123 297876
108 111 108966
109 110 163437
109 112 820086
109 114 970964
109 125 572122
110 115 372816
110 121 65430
110 124 606849
110 118 269352
111 114 472275
111 122 475078
111 117 943508
111 127 718853
112 128 30251
112 123 722674
112 118 74957
112 120 326427
113 126 878802
113 115 25016
113 114 31983
113 119 533038
114 121 387874
114 119 498554
114 122 761392
114 120 669021
115 125 596348
115 119 232357
115 130 474092
115 118 617652
116 129 988425
116 124 613154
116 131 351085
116 127 621737
117 130 328300
117 124 560323
117 131 916616
117 132 180085
118 130 766169
118 121 950445
118 125 156668
118 133 28566
119 132 997878
119 121 377000
119 135 334566
119 129 801035
120 133 626394
120 122 52565
120 135 563251
120 124 432092
121 126 384193
121 127 226704
121 132 929352
121 137 6995
122 126 204486
122 134 507612
122 124 897208
122 137 41485
123 125 386791
123 126 55767
123 137 878490
123 131 460739
124 128 771082
124 127 17981
124 132 987143
124 133 569114
125 135 297359
125 129 61944
125 139 985060
125 127 412541
126 127 143776
126 133 561171
126 137 953524
126 142 85886
127 141 755477
127 131 290871
127 139 790743
127 133 251982
128 133 176682
128 134 577502
128 144 950217
128 131 764141
129 140 819237
129 137 245186
129 134 845586
129 141 475535
130 134 707092
130 138 938800
130 145 703374
130 132 474846
131 138 970124
131 132 544587
131 134 719719
131 140 645050
132 140 448209
132 135 295779
132 148 755196
132 139 292413
133 138 771837
133 149 45494
133 147 259332
133 136 924415
134 143 337739
134 145 305297
134 144 470126
134 146 483433
135 136 184175
135 139 49280
135 142 433066
135 149 469264
136 144 901143
136 148 28715
136 143 441148
136 149 705562
137 141 393131
137 142 242717
137 152 721722
137 148 113745
138 154 413625
138 146 595731
138 143 405945
138 140 278581
139 153 274968
139 140 625046
139 141 242108
139 148 53055
140 142 520785
140 154 254128
140 156 518018
140 147 306350
141 154 809979
141 155 920853
141 150 522354
141 144 498442
142 146 976099
142 145 796021
142 151 809916
142 143 613057
143 145 519607
143 159 781210
143 148 459413
143 147 320000
144 145 656155
144 152 973010
144 151 887287
144 148 991689
145 161 350388
145 153 426865
145 152 204258
145 160 634603
146 154 290262
146 162 548157
146 150 715987
146 151 455894
147 160 537273
147 157 509812
147 159 895550
147 151 904114
148 154 231028
148 163 904108
148 160 89997
148 162 836749
149 159 150969
149 155 885245
149 156 515376
149 162 888170
150 158 158027
150 161 930129
150 153 918303
150 157 121886
151 163 392398
151 160 526938
151 165 300599
151 167 202041
152 155 757016
152 161 872335
152 159 320012
152 156 835215
153 157 680206
153 166 456199
153 167 775159
153 158 16103
154 158 674871
154 169 105660
154 168 755612
154 159 468716
155 156 461036
155 171 646553
155 158 851446
155 159 59958
156 168 97799
156 171 413785
156 162 913747
156 164 691747
157 163 173761
157 170 285796
157 172 444849
157 166 602339
158 174 663892
158 170 702738
158 173 403375
158 162 945733
159 167 37481
159 169 914447
159 166 947041
159 174 740082
160 169 545880
160 165 40623
160 173 989549
160 167 99680
161 176 207379
161 162 10414
161 175 916666
161 172 261647
162 169 248630
162 168 989790
162 177 935663
162 170 508549
163 169 189847
163 178 592958
163 175 861875
163 179 90168
164 171 947852
164 173 784018
164 177 359798
164 179 957068
165 178 770571
165 175 583796
165 181 933228
165 169 541069
166 182 583986
166 181 171919
166 176 44100
166 167 679751
167 168 148782
167 177 48589
167 171 592562
167 169 380352
168 184 624164
168 177 362067
168 172 570052
168 179 93509
169 177 415932
169 185 582681
169 184 935802
169 182 242323
170 176 902877
170 181 382217
170 173 138285
170 178 712372
171 173 671657
171 184 643516
171 180 948362
171 187 878518
172 178 195436
172 185 469219
172 183 905680
172 175 53262
173 181 701977
173 187 254335
173 183 370042
173 188 313730
174 189 80117
174 188 113676
174 183 160710
174 186 200693
175 179 981235
175 181 540812
175 183 228321
175 190 894321
176 183 354820
176 185 798917
176 184 684564
176 187 623771
177 187 155074
177 183 507141
177 189 886878
177 178 92666
178 179 777574
178 185 300367
178 182 952235
178 190 347967
179 192 324033
179 185 532660
179 181 201226
179 195 169481
180 185 414265
180 191 529941
180 190 335326
180 182 575934
181 182 796438
181 183 588828
181 196 178356
181 184 562147
182 193 142927
182 186 401148
182 194 572451
182 192 954681
183 194 421158
183 190 778444
183 192 152791
183 185 160492
184 198 254659
184 187 988849
184 200 444060
184 185 199653
185 201 948743
185 190 728873
185 186 645947
185 198 17484
186 193 223599
186 187 920661
186 198 581517
186 200 336734
187 203 519153
187 197 790997
187 198 90133
187 192 902209
188 197 248543
188 202 246859
188 196 976622
188 193 264851
189 196 551872
189 198 420099
189 204 49015
189 203 371504
190 191 808472
190 202 13179
190 206 342736
190 203 496783
191 195 938664
191 203 357067
191 202 691152
191 207 950891
192 194 313754
192 198 542929
192 205 320563
192 200 386812
193 204 193707
193 209 666698
193 202 389666
193 205 850607
194 210 404452
194 205 484455
194 200 986997
194 196 175525
195 204 790265
195 203 824641
195 197 781442
195 210 590562
196 206 320163
196 207 136627
196 202 812459
196 211 60488
197 201 934476
197 210 191413
197 199 174716
197 200 618039
198 209 251259
198 214 554266
198 202 514452
198 205 351850
199 204 11907
199 211 417967
199 201 4807
199 210 189034
200 201 341836
200 205 853150
200 209 287431
200 215 360827
201 215 32014
201 209 874801
201 205 181438
201 211 405663
202 206 303671
202 203 352432
202 212 311475
202 210 34347
203 205 202199
203 214 698314
203 219 679161
203 207 20963
204 210 466583
204 217 421657
204 208 305622
204 213 917328
205 210 385276
205 209 471205
205 212 447180
205 208 997691
206 212 886971
206 221 818277
206 220 327442
206 222 789457
207 221 613921
207 219 563770
207 214 552783
207 210 663452
208 212 435653
208 218 617415
208 224 895600
208 222 215122
209 218 729834
209 225 280744
209 211 840623
209 213 516733
210 211 5095
210 224 296536
210 220 789968
210 223 922613
211 221 320189
211 213 855559
211 216 798819
211 222 934446
212 213 370146
212 227 573826
212 223 66687
212 224 970963
213 226 669882
213 214 905307
213 227 372385
213 220 728938
214 225 364334
214 215 1341
214 224 853445
214 219 495237
215 225 3567
215 219 946308
215 230 676093
215 218 44846
216 217 10197
216 232 777025
216 218 700654
216 231 371224
217 224 924488
217 231 804625
217 230 737480
217 221 925368
218 233 916789
218 231 871773
218 223 82175
218 221 180546
219 229 47387
219 222 62456
219 225 965201
219 232 518041
220 233 577077
220 222 346049
220 228 945159
220 236 889384
221 224 184252
221 233 344783
221 232 790911
221 225 112638
222 227 548962
222 230 882583
222 235 144109
222 238 649913
223 238 731731
223 233 644497
223 230 240129
223 228 939430
224 237 949013
224 227 393015
224 231 866310
224 233 306650
225 239 195488
225 232 721913
225 227 376997
225 226 191328
226 235 100545
226 230 35531
226 242 999018
226 227 438396
227 232 49292
227 242 67015
227 231 487279
227 243 403428
228 243 952479
228 236 365299
228 237 181599
228 233 527455
229 244 611165
229 242 485182
229 238 212053
229 245 290861
230 240 812914
230 246 480137
230 231 77984
230 235 649615
231 244 59933
231 237 34034
231 245 781985
231 246 398788
232 239 245834
232 243 850534
232 248 572569
232 241 331970
233 243 227026
233 239 297454
233 237 664210
233 238 625410
234 239 273643
234 246 740822
234 247 340500
234 240 352877
235 240 342420
235 242 647345
235 246 232072
235 236 255500
236 244 902712
236 246 776545
236 247 461471
236 243 323651
237 240 255741
237 238 486837
237 243 507630
237 239 977447
238 244 843620
238 239 409040
238 254 924470
238 248 171347
239 251 37893
239 247 512255
239 246 562024
239 240 839150
240 244 219063
240 252 572171
240 248 345149
240 242 101014
241 250 72498
241 251 440629
241 252 449358
241 243 289976
242 257 946730
242 249 811522
242 247 133287
242 255 548746
243 253 666737
243 248 133758
243 252 145171
243 256 320928
244 250 207066
244 259 254951
244 249 104790
244 254 424719
245 248 810137
245 257 504743
245 246 345928
245 260 85890
246 254 149487
246 261 400608
246 247 200139
246 252 516570
247 249 240820
247 248 164827
247 263 79371
247 251 904624
248 262 456181
248 251 169900
248 264 388956
248 257 16342
249 255 53435
249 263 758148
249 256 927582
249 261 895380
250 255 716754
250 260 404646
250 264 724633
250 257 770641
251 259 659313
251 263 35350
251 267 51966
251 260 126619
252 260 842584
252 257 506069
252 253 847858
252 261 968491
253 263 974332
253 258 895367
253 261 730668
253 260 487586
254 259 780692
254 258 762020
254 261 844572
254 270 382761
255 260 484433
255 270 756590
255 267 82975
255 263 762833
256 269 626649
256 264 42245
256 258 947725
256 259 964067
257 263 932788
257 259 360145
257 266 975448
257 261 575780
258 264 651031
258 266 837610
258 262 456460
258 272 420032
259 265 323145
259 270 575416
259 267 947559
259 266 206936
260 268 510292
260 271 178785
260 264 202462
260 275 946563
261 268 700462
261 272 414495
261 265 523879
261 264 643545
262 274 34374
262 269 77990
262 272 315694
262 268 571248
263 273 444337
263 275 43134
263 277 371146
263 266 124422
264 266 342857
264 267 498820
264 269 417543
264 268 71941
265 274 947730
265 280 763639
265 272 961053
265 266 487469
266 277 454639
266 271 826397
266 279 986682
266 272 653362
267 282 547096
267 272 80547
267 274 56101
267 273 653940
268 273 863702
268 281 57507
268 272 969853
268 275 284174
269 279 835578
269 281 13126
269 285 961753
269 278 883269
270 276 196039
270 285 765594
270 278 532709
270 273 823576
271 287 649585
271 280 901836
271 285 784028
271 279 268693
272 287 488849
272 286 733815
272 288 313812
272 274 953938
273 280 400237
273 279 31113
273 274 724047
273 288 701046
274 283 188724
274 277 82271
274 282 836012
274 275 2076
275 289 965875
275 278 92334
275 282 857006
275 285 659234
276 290 830109
276 277 712575
276 288 976184
276 289 372607
277 279 749843
277 290 420450
277 281 798090
277 285 280476
278 285 780510
278 293 362224
278 288 456994
278 290 905304
279 280 988806
279 294 538957
279 292 921970
279 283 930011
280 289 109003
280 284 320976
280 290 191520
280 282 991608
281 296 385425
281 293 20257
281 294 887246
281 284 516918
282 294 459555
282 298 868539
282 297 806195
282 289 674035
283 285 611718
283 298 86421
283 295 277545
283 296 954845
284 291 201142
284 295 21941
284 289 361302
284 300 167873
285 289 194083
285 295 592596
285 291 607112
285 288 709213
286 299 757399
286 291 694952
286 292 769186
286 289 758889
287 295 259614
287 302 407612
287 292 336799
287 290 294218
288 302 255980
288 303 390209
288 290 144980
288 297 697431
289 290 994984
289 295 508403
289 304 183896
289 299 695650
290 297 578917
290 303 306651
290 306 480256
290 302 27622
291 293 320672
291 294 176675
291 295 663371
291 298 376834
292 296 219713
292 295 749491
292 301 60625
292 300 229900
293 304 606544
293 301 710346
293 297 3427
293 294 620484
294 298 748950
294 309 600503
294 310 696725
294 303 316884
295 304 796362
295 311 281393
295 303 217351
295 301 814359
296 302 629619
296 303 165933
296 301 155162
296 311 39040
297 310 909536
297 311 292960
297 313 28814
297 302 76301
298 306 201509
298 303 847088
298 305 103508
298 301 387150
299 308 282683
299 313 239367
299 300 56834
299 310 89013
300 308 404166
300 304 90124
300 306 804211
300 307 65832
301 309 564838
301 317 118926
301 310 500578
301 303 390002
302 318 755356
302 312 738157
302 314 948649
302 311 505556
303 310 631944
303 305 790890
303 317 305832
303 316 130501
304 315 741352
304 314 269187
304 306 182380
304 319 260887
305 317 119651
305 314 914724
305 315 212543
305 316 613576
306 317 204848
306 308 174502
306 318 81742
306 314 167188
307 322 754317
307 313 155526
307 314 348784
307 318 507758
308 319 887538
308 315 280533
308 324 240446
308 309 392889
309 314 388143
309 318 14284
309 325 653467
309 316 653251
310 319 809857
310 312 504580
310 316 276530
310 322 124283
311 317 840775
311 326 421414
311 313 588283
311 318 700040
312 322 699300
312 321 81808
312 324 508762
312 313 444421
313 326 695620
313 319 209449
313 317 257044
313 316 745839
314 321 370038
314 328 956029
314 315 146110
314 320 825524
315 321 30212
315 328 280342
315 318 427203
315 327 593352
316 323 936554
316 329 251162
316 330 305676
316 319 410328
317 320 679343
317 330 222184
317 323 478688
317 332 842046
318 328 471756
318 320 941126
318 332 391255
318 331 299818
319 324 207742
319 323 28679
319 330 611671
319 322 306177
320 334 468117
320 325 211148
320 333 70974
320 323 831702
321 322 320547
321 328 257663
321 329 583758
321 325 505607
322 326 164170
322 334 215472
322 323 739073
322 333 670135
323 332 694625
323 337 276843
323 326 311529
323 335 114085
324 335 172474
324 331 253198
324 332 510795
324 338 661907
325 339 884413
325 341 416376
325 340 998626
325 326 605533
326 340 688844
326 330 816905
326 337 718717
326 339 375562
327 339 374101
327 341 194521
327 331 645535
327 337 406990
328 343 345215
328 335 587727
328 332 724832
328 333 997345
329 332 906059
329 345 653021
329 341 230813
329 344 351512
330 331 801680
330 332 896158
330 337 363926
330 340 53109
331 339 945262
331 340 213726
331 343 256700
331 334 229904
332 339 934221
332 343 651529
332 346 292060
332 344 582710
333 345 475710
333 334 599613
333 339 454450
333 341 14110
334 339 944876
334 346 821789
334 336 429911
334 340 767157
335 339 480846
335 344 203472
335 343 97158
335 342 848884
336 349 318148
336 339 286260
336 342 30479
336 338 497247
337 342 279837
337 352 86650
337 341 393281
337 343 283595
338 341 845218
338 339 887577
338 352 508220
338 350 250379
339 349 90897
339 344 751659
339 351 691298
339 343 245179
340 343 958653
340 355 205144
340 347 938994
340 344 317658
341 351 313847
341 342 702758
341 352 140746
341 357 32348
342 343 957493
342 351 148579
342 348 429185
342 349 290673
343 352 537230
343 357 837884
343 350 839671
343 356 505832
344 350 16480
344 351 22485
344 358 329891
344 349 377414
345 357 446970
345 356 577714
345 360 362674
345 348 664516
346 351 965659
346 357 937739
346 349 320711
346 356 695134
347 351 514572
347 349 853320
347 350 525071
347 360 858655
348 355 237072
348 349 126537
348 362 424817
348 353 791666
349 355 602550
349 361 659112
349 353 256950
349 360 864909
350 356 163625
350 354 13314
350 362 779694
350 366 659206
351 365 61322
351 358 221619
351 356 53202
351 367 292141
352 354 24350
352 363 774677
352 361 876349
352 355 606411
353 354 822194
353 367 933292
353 363 109085
353 362 8159
354 364 211084
354 357 811104
354 370 21400
354 356 885775
355 368 761253
355 369 744199
355 356 429575
355 359 358547
356 368 296919
356 358 396726
356 357 899322
356 364 891310
357 359 245510
357 360 134339
357 363 96340
357 364 127271
358 371 147627
358 362 530208
358 370 858720
358 364 250619
359 362 548931
359 373 339386
359 371 783778
359 372 681971
360 372 705024
360 361 771394
360 366 253511
360 363 96475
361 364 622781
361 362 964072
361 365 897555
361 373 427511
362 370 310903
362 371 735315
362 374 369657
362 376 986779
363 369 995700
363 373 538329
363 379 436691
363 367 541617
364 366 307019
364 379 454290
364 373 153201
364 372 748431
365 376 452130
365 378 18311
365 367 989652
365 369 115061
366 373 565675
366 375 567547
366 376 931744
366 381 807836
367 375 1149
367 378 622896
367 383 602179
367 376 619342
368 373 220277
368 381 539591
368 383 638720
368 372 194697
369 385 695653
369 377 943023
369 380 843991
369 379 623132
370 384 843983
370 386 909270
370 375 69162
370 385 770687
371 373 844982
371 377 345998
371 372 594854
371 376 493539
372 384 206019
372 383 897504
372 382 223009
372 376 655418
373 379 932604
373 376 229147
373 380 750657
373 384 467773
374 378 43656
374 383 601170
374 384 238447
374 379 834500
375 376 166863
375 384 984678
375 382 734503
375 390 684332
376 388 334960
376 385 936622
376 386 398080
376 392 801466
377 384 914613
377 387 643984
377 391 329443
377 389 157426
378 390 805944
378 391 668284
378 392 596102
378 384 605261
379 390 244864
379 386 521124
379 380 816896
379 391 837409
380 388 790361
380 390 371475
380 395 897641
380 389 103084
381 390 410884
381 385 245398
381 391 20538
381 383 378751
382 393 611580
382 398 703894
382 383 338440
382 388 442268
383 396 505986
383 395 235685
383 384 210204
383 397 339524
384 399 379918
384 397 799064
384 396 197678
384 389 915781
385 395 181413
385 397 302944
385 401 685904
385 386 891077
386 392 682176
386 402 900787
386 396 751611
386 401 863776
387 389 38624
387 390 732742
387 403 44036
387 394 813668
388 392 687919
388 402 981505
388 390 466821
388 404 633647
389 397 677178
389 398 701340
389 402 65672
389 393 942428
390 395 745489
390 406 309931
390 401 804207
390 391 167506
391 395 954850
391 396 72099
391 403 114132
391 392 518881
392 397 428067
392 408 877560
392 398 792767
392 393 655191
393 403 830742
393 407 456548
393 408 879422
393 400 564023
394 397 819244
394 406 661950
394 402 664269
394 408 260088
395 403 65998
395 398 516942
395 410 996675
395 411 756880
396 404 395876
396 400 403249
396 412 759009
396 406 831853
397 408 817838
397 406 961895
397 401 741216
397 411 425676
398 400 312649
398 409 381140
398 401 786626
398 406 660617
399 402 704841
399 407 405500
399 411 135525
399 415 759833
400 401 821638
400 405 933104
400 404 914995
400 408 859744
401 411 574283
401 409 389587
401 408 673577
401 417 787658
402 410 939990
402 412 573792
402 413 156492
402 415 288114
403 407 390757
403 414 981944
403 416 296948
403 411 901438
404 410 144003
404 416 800256
404 411 627475
404 408 356346
405 413 729245
405 418 202431
405 407 859863
405 417 924780
406 412 677377
406 415 419234
406 420 882963
406 408 398942
407 416 164330
407 415 626956
407 412 29964
407 408 501007
408 424 394644
408 421 124049
408 413 125560
408 409 643656
409 422 480009
409 419 9034
409 421 787212
409 424 294424
410 417 748357
410 416 98327
410 425 72678
410 414 515824
411 423 953751
411 424 913685
411 422 613032
411 425 852502
412 415 894134
412 418 667335
412 413 528359
412 424 863752
413 424 232570
413 423 140015
413 429 900674
413 415 135980
414 427 891157
414 424 100650
414 419 529454
414 422 68619
415 416 18234
415 426 241244
415 420 213761
415 425 280042
416 428 135812
416 418 239966
416 431 292471
416 422 181269
417 421 857279
417 432 304317
417 424 533933
417 426 561304
418 429 646748
418 430 463999
418 424 326581
418 419 131219
419 422 72191
419 431 991212
419 428 532904
419 429 454121
420 424 635565
420 430 101436
420 433 396621
420 426 458583
421 428 595617
421 426 795991
421 436 54147
421 432 510203
422 438 665242
422 425 73192
422 423 815948
422 436 373583
423 438 22143
423 432 334472
423 424 169686
423 437 761334
424 428 141839
424 436 159026
424 439 692950
424 433 944971
425 428 24383
425 427 214948
425 437 508767
425 438 781196
426 438 197338
426 439 236649
426 429 579558
426 427 153674
427 439 70879
427 435 110235
427 429 647664
427 434 702823
428 436 755719
428 430 560231
428 434 215747
428 442 738299
429 435 380911
429 439 929463
429 437 723256
429 443 816781
430 439 663324
430 438 27535
430 432 248274
430 434 130187
431 439 754858
431 433 166197
431 442 953376
431 440 225861
432 435 933738
432 436 143520
432 445 281579
432 433 144819
433 449 719571
433 448 81102
433 442 644533
433 437 565648
434 435 458127
434 446 847932
434 439 480586
434 441 896662
435 443 726604
435 441 93281
435 448 866155
435 439 200156
436 445 300482
436 450 45650
436 441 128669
436 443 900719
437 442 492379
437 438 288984
437 453 598126
437 443 437957
438 446 851536
438 449 117654
438 441 41270
438 440 738972
439 452 650859
439 446 731160
439 450 799592
439 441 683765
440 450 816038
440 443 136283
440 445 841124
440 452 328625
441 443 758220
441 449 449172
441 452 497945
441 445 81234
442 447 229637
442 443 92736
442 457 603890
442 458 39678
443 448 222833
443 455 55913
443 447 964311
443 457 943711
444 454 135081
444 449 106052
444 453 214856
444 460 233279
445 461 529251
445 455 159515
445 456 775037
445 460 371779
446 458 222666
446 455 720393
446 453 265197
446 457 929814
447 452 2220
447 461 533149
447 460 124253
447 455 905560
448 457 743724
448 451 589587
448 459 20785
448 454 901507
449 459 844046
449 457 56948
449 454 514643
449 465 6967
450 457 465635
450 453 658878
450 465 996524
450 461 889287
451 455 836809
451 458 913822
451 462 200620
451 454 619734
452 458 626868
452 461 467322
452 453 279673
452 456 591756
453 467 539814
453 459 124896
453 454 603460
453 455 208064
454 467 450888
454 457 88980
454 466 181709
454 465 833374
455 459 281374
455 469 514580
455 462 405969
455 458 423782
456 459 889581
456 471 907416
456 472 402591
456 462 455016
457 467 866020
457 473 525927
457 464 886686
457 469 32647
458 467 801993
458 474 327662
458 470 66883
458 468 879673
459 465 174152
459 473 486408
459 470 125868
459 466 719137
460 466 680944
460 464 676961
460 475 105827
460 471 509301
461 472 542449
461 464 925238
461 468 814204
461 474 152374
462 475 831221
462 471 895587
462 476 224113
462 473 189483
463 472 12669
463 468 141411
463 471 724508
463 477 618847
464 466 359120
464 465 83790
464 473 235616
464 479 133161
465 466 795477
465 475 530769
465 481 892687
465 477 580939
466 472 664086
466 467 775210
466 475 972484
466 478 209705
467 468 291111
467 477 358297
467 482 903721
467 478 736438
468 475 818026
468 474 713718
468 470 846322
468 478 850577
469 472 683380
469 477 351003
469 485 465219
469 471 606484
470 471 501831
470 477 59039
470 474 793490
470 478 741145
471 487 392378
471 479 61158
471 480 794928
471 482 45537
472 485 864084
472 488 785198
472 484 471338
472 473 53077
473 476 95022
473 480 605530
473 489 670298
473 474 534315
474 476 539857
474 480 185964
474 485 854349
474 475 398041
475 478 637756
475 476 888644
475 486 494122
475 479 533521
476 489 228046
476 484 266992
476 480 406213
476 485 529646
477 492 799424
477 478 735212
477 483 29898
477 482 440560
478 490 924894
478 491 126454
478 479 749408
478 482 823149
479 480 688108
479 486 918744
479 485 782265
479 482 285200
480 484 554671
480 492 480676
480 493 241713
480 486 430833
481 496 162765
481 491 982527
481 494 377610
481 497 879473
482 488 455749
482 491 937112
482 492 427158
482 489 279424
483 490 876958
483 495 839986
483 489 62585
483 496 304299
484 491 794721
484 485 854320
484 487 868206
484 493 796674
485 501 725992
485 500 169765
485 495 445410
485 499 930217
486 490 276686
486 498 431871
486 499 484273
486 494 284297
487 493 754793
487 496 777903
487 492 457942
487 501 156743
488 492 944942
488 498 980513
488 493 862538
488 495 196661
489 490 274338
489 502 845048
489 499 699025
489 498 885419
490 496 249313
490 495 883235
490 493 490355
490 503 27412
491 505 286791
491 497 718646
491 502 311700
491 499 954865
492 505 321489
492 502 311994
492 507 983786
492 501 649001
493 506 346179
493 494 99903
493 499 285592
493 496 540278
494 507 939501
494 502 138157
494 497 352314
494 504 648742
495 501 924813
495 505 670398
495 498 90891
495 500 621999
496 509 190696
496 501 18095
496 506 411653
496 500 349443
497 509 618300
497 511 515574
497 508 77152
497 502 943561
498 499 747780
498 500 206541
498 505 542575
499 503 253285
499 507 689408
499 505 417636
499 500 642770
500 501 995223
500 505 382031
500 513 707577
501 510 794894
501 505 836051
501 511 685602
502 511 810185
503 506 255957
503 507 201025
504 507 962658
504 505 873178
504 510 702709
505 513 997250
506 509 19456
507 512 826298
508 510 70739
509 512 594212
509 510 696583
509 511 251987
510 513 363021
510 514 1000000
511 514 1000000
512 514 1000000
513 514 1000000
