1
258 752
1 258
1 17 1000000
1 16 1000000
1 15 1000000
1 14 1000000
1 13 1000000
1 12 1000000
1 11 1000000
1 10 1000000
1 9 1000000
1 8 1000000
1 7 1000000
1 6 1000000
1 5 1000000
1 4 1000000
1 3 1000000
1 2 1000000
2 20 1000000
2 22 1000000
2 33 1000000
3 27 1000000
3 33 1000000
3 23 1000000
4 28 1000000
4 24 1000000
4 27 1000000
5 29 1000000
5 32 1000000
5 23 1000000
6 31 1000000
6 21 1000000
6 29 1000000
7 27 1000000
7 19 1000000
7 24 1000000
8 26 1000000
8 21 1000000
8 31 1000000
9 25 1000000
9 23 1000000
9 21 1000000
10 22 1000000
10 24 1000000
10 18 1000000
11 22 1000000
11 27 1000000
11 24 1000000
12 20 1000000
12 30 1000000
12 27 1000000
13 20 1000000
13 31 1000000
13 32 1000000
14 29 1000000
14 32 1000000
14 25 1000000
15 21 1000000
15 18 1000000
15 23 1000000
16 33 1000000
16 28 1000000
16 23 1000000
17 27 1000000
17 23 1000000
17 31 1000000
18 46 1000000
18 36 1000000
18 38 1000000
19 43 1000000
19 36 1000000
19 45 1000000
20 48 1000000
20 43 1000000
20 49 1000000
21 48 1000000
21 44 1000000
21 49 1000000
22 49 1000000
22 42 1000000
22 43 1000000
23 38 1000000
23 44 1000000
23 39 1000000
24 35 1000000
24 37 1000000
24 48 1000000
25 47 1000000
25 49 1000000
25 42 1000000
26 34 1000000
26 49 1000000
26 43 1000000
27 45 1000000
27 37 1000000
27 47 1000000
28 47 1000000
28 43 1000000
28 38 448409
29 35 1000000
29 43 1000000
29 34 1000000
30 41 1000000
30 44 1000000
30 34 1000000
31 45 1000000
31 48 1000000
31 49 1000000
32 43 1000000
32 37 1000000
32 36 1000000
33 40 1000000
33 38 1000000
33 34 1000000
34 61 1000000
34 63 1000000
34 62 1000000
35 57 1000000
35 65 1000000
35 56 1000000
36 54 1000000
36 62 1000000
36 59 1000000
37 53 1000000
37 52 1000000
37 64 1000000
38 60 1000000
38 56 1000000
38 62 1000000
39 54 1000000
39 52 1000000
39 51 1000000
40 58 1000000
40 56 1000000
40 65 1000000
41 56 1000000
41 61 1000000
41 58 1000000
42 53 1000000
42 62 1000000
42 52 1000000
43 53 1000000
43 55 1000000
43 59 1000000
44 64 1000000
44 53 1000000
44 59 1000000
45 55 1000000
45 51 1000000
45 59 1000000
46 52 306405
46 58 1000000
46 56 1000000
47 51 1000000
47 61 1000000
47 63 1000000
48 64 1000000
48 57 1000000
48 51 1000000
49 57 1000000
49 61 1000000
49 53 1000000
50 67 1000000
50 72 1000000
50 71 1000000
51 78 1000000
51 74 1000000
51 75 1000000
52 66 1000000
52 72 1000000
52 81 1000000
53 72 1000000
53 69 1000000
53 77 1000000
54 75 1000000
54 66 1000000
54 68 1000000
55 79 1000000
55 68 1000000
55 75 1000000
56 76 1000000
56 72 1000000
56 80 1000000
57 80 1000000
57 72 1000000
57 66 1000000
58 72 1000000
58 69 1000000
58 78 1000000
59 68 1000000
59 76 1000000
59 75 1000000
60 72 1000000
60 79 1000000
60 73 1000000
61 80 1000000
61 68 1000000
61 76 1000000
62 78 1000000
62 74 1000000
62 77 1000000
63 80 1000000
63 77 1000000
63 78 1000000
64 74 1000000
64 72 1000000
64 80 1000000
65 76 1000000
65 70 1000000
65 77 1000000
66 94 1000000
66 84 1000000
66 92 1000000
67 85 1000000
67 94 1000000
67 83 1000000
68 88 1000000
68 91 1000000
68 87 1000000
69 90 1000000
69 95 1000000
69 92 1000000
70 85 1000000
70 95 1000000
70 88 1000000
71 87 1000000
71 89 1000000
71 96 1000000
72 88 1000000
72 97 1000000
72 85 1000000
73 90 1000000
73 95 1000000
73 84 1000000
74 85 1000000
74 91 1000000
74 97 1000000
75 91 1000000
75 87 1000000
75 90 1000000
76 84 1000000
76 96 1000000
76 94 1000000
77 93 1000000
77 96 1000000
77 91 1000000
78 88 1000000
78 97 1000000
78 89 1000000
79 96 1000000
79 86 1000000
79 94 1000000
80 82 1000000
80 94 1000000
80 89 1000000
81 93 1000000
81 85 1000000
81 91 1000000
82 109 1000000
82 99 1000000
82 108 1000000
83 103 548795
83 104 1000000
83 111 1000000
84 107 1000000
84 99 1000000
84 101 1000000
85 111 1000000
85 106 1000000
85 104 1000000
86 105 1000000
86 107 1000000
86 112 1000000
87 107 1000000
87 112 1000000
87 105 1000000
88 103 1000000
88 112 1000000
88 104 1000000
89 99 1000000
89 100 1000000
89 107 1000000
90 107 1000000
90 102 1000000
90 98 1000000
91 107 1000000
91 110 1000000
91 98 1000000
92 104 1000000
92 102 1000000
92 111 1000000
93 111 1000000
93 109 1000000
93 113 1000000
94 100 1000000
94 104 1000000
94 107 1000000
95 108 1000000
95 107 1000000
95 104 1000000
96 101 1000000
96 98 1000000
96 102 1000000
97 105 1000000
97 108 1000000
97 101 1000000
98 124 1000000
98 123 1000000
98 127 1000000
99 126 1000000
99 118 1000000
99 128 1000000
100 123 1000000
100 127 1000000
100 120 1000000
101 118 1000000
101 127 1000000
101 117 1000000
102 126 1000000
102 114 1000000
102 122 1000000
103 116 1000000
103 125 1000000
103 126 1000000
104 125 1000000
104 119 1000000
104 129 1000000
105 117 1000000
105 121 1000000
105 120 1000000
106 125 1000000
106 126 1000000
106 122 1000000
107 122 1000000
107 123 1000000
107 121 1000000
108 118 1000000
108 116 1000000
108 117 1000000
109 124 1000000
109 116 1000000
109 122 1000000
110 124 1000000
110 121 1000000
110 128 1000000
111 120 1000000
111 119 1000000
111 123 1000000
112 122 1000000
112 126 1000000
112 114 1000000
113 116 1000000
113 120 1000000
113 125 1000000
114 144 1000000
114 137 1000000
114 134 1000000
115 142 1000000
115 130 1000000
115 140 1000000
116 143 1000000
116 131 1000000
116 135 1000000
117 135 1000000
117 132 1000000
117 139 1000000
118 136 1000000
118 141 1000000
118 143 1000000
119 130 1000000
119 132 1000000
119 131 1000000
120 144 1000000
120 141 1000000
120 137 1000000
121 132 1000000
121 139 1000000
121 138 1000000
122 133 1000000
122 131 1000000
122 140 1000000
123 144 1000000
123 131 1000000
123 140 1000000
124 137 1000000
124 142 1000000
124 139 1000000
125 140 1000000
125 133 1000000
125 139 1000000
126 132 1000000
126 142 1000000
126 130 1000000
127 139 1000000
127 134 1000000
127 132 1000000
128 135 1000000
128 136 1000000
128 139 1000000
129 141 786076
129 138 1000000
129 145 1000000
130 161 1000000
130 158 1000000
130 155 1000000
131 153 1000000
131 157 1000000
131 152 1000000
132 148 1000000
132 159 1000000
132 157 1000000
133 152 1000000
133 146 1000000
133 160 1000000
134 159 1000000
134 149 1000000
134 151 1000000
135 159 1000000
135 149 1000000
135 157 1000000
136 149 1000000
136 159 1000000
136 151 1000000
137 157 1000000
137 147 1000000
137 156 1000000
138 149 1000000
138 150 1000000
138 158 1000000
139 155 1000000
139 159 1000000
139 154 1000000
140 153 1000000
140 154 1000000
140 152 1000000
141 161 1000000
141 154 1000000
141 157 1000000
142 154 1000000
142 149 1000000
142 160 1000000
143 155 1000000
143 159 1000000
143 152 1000000
144 154 1000000
144 159 1000000
144 148 1000000
145 157 1000000
145 148 1000000
145 154 893607
146 169 1000000
146 174 1000000
146 163 1000000
147 177 1000000
147 163 1000000
147 168 1000000
148 177 1000000
148 171 1000000
148 174 1000000
149 171 1000000
149 173 1000000
149 166 1000000
150 171 1000000
150 166 1000000
150 174 1000000
151 165 1000000
151 173 1000000
151 172 1000000
152 176 1000000
152 166 1000000
152 168 1000000
153 166 1000000
153 162 1000000
153 172 1000000
154 174 1000000
154 168 1000000
154 172 1000000
155 174 1000000
155 168 1000000
155 173 1000000
156 164 1000000
156 169 1000000
156 173 1000000
157 167 1000000
157 176 1000000
157 174 1000000
158 170 1000000
158 176 1000000
158 167 1000000
159 163 1000000
159 164 1000000
159 172 1000000
160 164 1000000
160 162 1000000
160 177 1000000
161 169 1000000
161 162 1000000
161 164 1000000
162 192 342658
162 189 1000000
162 183 1000000
163 193 1000000
163 189 1000000
163 180 1000000
164 187 1000000
164 192 1000000
164 183 1000000
165 193 1000000
165 183 1000000
165 180 1000000
166 188 1000000
166 182 1000000
166 181 1000000
167 186 1000000
167 193 1000000
167 191 1000000
168 182 1000000
168 178 1000000
168 187 1000000
169 178 1000000
169 187 1000000
169 181 1000000
170 192 1000000
170 184 1000000
170 191 1000000
171 188 657832
171 182 1000000
171 193 1000000
172 192 1000000
172 184 1000000
172 180 1000000
173 190 1000000
173 187 1000000
173 186 1000000
174 184 1000000
174 180 1000000
174 178 1000000
175 193 1000000
175 178 1000000
175 184 1000000
176 192 1000000
176 187 1000000
176 184 1000000
177 181 1000000
177 193 1000000
177 185 1000000
178 206 1000000
178 209 1000000
178 207 1000000
179 201 1000000
179 206 1000000
179 209 1000000
180 194 1000000
180 205 1000000
180 208 1000000
181 198 1000000
181 200 1000000
181 201 1000000
182 194 1000000
182 208 1000000
182 196 1000000
183 200 1000000
183 194 1000000
183 202 1000000
184 209 1000000
184 202 1000000
184 203 1000000
185 209 1000000
185 206 1000000
185 194 1000000
186 199 1000000
186 196 1000000
186 206 1000000
187 208 1000000
187 203 1000000
187 195 1000000
188 204 1000000
188 209 1000000
188 207 1000000
189 197 1000000
189 195 1000000
189 209 1000000
190 198 1000000
190 199 1000000
190 204 1000000
191 208 1000000
191 195 1000000
191 203 1000000
192 200 1000000
192 198 1000000
192 208 1000000
193 201 1000000
193 206 1000000
193 203 1000000
194 223 1000000
194 224 1000000
194 225 1000000
195 225 1000000
195 217 1000000
195 221 1000000
196 224 1000000
196 210 1000000
196 219 1000000
197 218 1000000
197 223 1000000
197 211 1000000
198 218 1000000
198 211 166337
198 220 1000000
199 221 1000000
199 223 1000000
199 219 1000000
200 220 1000000
200 217 1000000
200 210 1000000
201 210 1000000
201 224 1000000
201 212 1000000
202 225 156314
202 213 1000000
202 217 1000000
203 211 1000000
203 215 1000000
203 212 1000000
204 216 1000000
204 213 1000000
204 217 1000000
205 225 1000000
205 217 1000000
205 215 1000000
206 215 1000000
206 214 1000000
206 221 1000000
207 223 1000000
207 215 1000000
207 212 1000000
208 222 1000000
208 210 1000000
208 221 1000000
209 216 1000000
209 225 1000000
209 214 1000000
210 236 1000000
210 228 1000000
210 229 1000000
211 228 1000000
211 239 1000000
211 234 1000000
212 238 1000000
212 241 1000000
212 235 1000000
213 237 1000000
213 227 1000000
213 231 1000000
214 229 1000000
214 232 1000000
214 231 1000000
215 228 1000000
215 230 1000000
215 232 1000000
216 234 1000000
216 235 1000000
216 240 1000000
217 229 1000000
217 241 1000000
217 234 1000000
218 237 42449
218 236 1000000
218 241 1000000
219 237 1000000
219 227 1000000
219 228 1000000
220 228 1000000
220 230 1000000
220 234 1000000
221 227 1000000
221 233 1000000
221 228 1000000
222 239 1000000
222 241 1000000
222 233 1000000
223 233 1000000
223 228 1000000
223 232 1000000
224 233 1000000
224 226 1000000
224 228 1000000
225 239 1000000
225 237 1000000
225 241 1000000
226 245 1000000
226 248 1000000
226 243 1000000
227 255 1000000
227 247 1000000
227 253 1000000
228 255 1000000
228 249 1000000
228 248 1000000
229 250 1000000
229 247 1000000
229 253 1000000
230 250 1000000
230 243 1000000
230 246 1000000
231 254 1000000
231 242 1000000
231 257 1000000
232 243 1000000
232 254 1000000
232 245 1000000
233 246 1000000
233 251 1000000
233 254 1000000
234 245 1000000
234 246 1000000
234 242 1000000
235 250 1000000
235 243 1000000
235 242 1000000
236 247 1000000
236 252 1000000
236 245 1000000
237 257 1000000
237 253 1000000
237 249 1000000
238 252 1000000
238 255 1000000
238 257 1000000
239 257 1000000
239 245 1000000
239 254 1000000
240 256 1000000
240 253 1000000
240 254 1000000
241 249 1000000
241 257 1000000
241 250 1000000
242 258 1000000
243 258 1000000
244 258 1000000
245 258 1000000
246 258 1000000
247 258 1000000
248 258 1000000
249 258 1000000
250 258 1000000
251 258 1000000
252 258 1000000
253 258 1000000
254 258 1000000
255 258 1000000
256 258 1000000
257 258 1000000
