1
258 752
1 258
1 17 300
1 16 300
1 15 300
1 14 300
1 13 300
1 12 300
1 11 300
1 10 300
1 9 300
1 8 300
1 7 300
1 6 300
1 5 300
1 4 300
1 3 300
1 2 300
2 30 3
2 21 20
2 18 50
3 24 82
3 26 62
3 32 61
4 19 91
4 26 42
4 22 46
5 22 93
5 18 85
5 19 70
6 31 20
6 27 77
6 29 70
7 20 33
7 29 10
7 19 51
8 26 89
8 33 69
8 21 49
9 28 47
9 24 32
9 31 13
10 33 73
10 18 97
10 30 66
11 30 8
11 27 31
11 22 1
12 20 98
12 30 54
12 21 69
13 27 27
13 23 39
13 29 24
14 19 48
14 33 7
14 23 59
15 21 49
15 33 55
15 28 8
16 30 52
16 29 85
16 22 82
17 29 75
17 32 92
17 20 56
18 39 96
18 46 16
18 38 43
19 43 36
19 38 16
19 40 77
20 41 32
20 44 53
20 37 47
21 37 92
21 42 34
21 36 31
22 42 27
22 49 29
22 47 91
23 38 72
23 47 81
23 37 38
24 42 12
24 38 64
24 49 33
25 36 78
25 47 15
25 41 71
26 39 29
26 36 52
26 42 40
27 36 95
27 49 78
27 38 74
28 49 44
28 34 63
28 45 76
29 37 8
29 43 54
29 48 75
30 38 35
30 39 48
30 36 33
31 34 5
31 37 47
31 40 100
32 46 44
32 35 93
32 49 21
33 41 70
33 37 48
33 47 60
34 62 35
34 56 98
34 50 35
35 64 18
35 52 81
35 53 5
36 62 36
36 53 60
36 51 62
37 57 75
37 54 49
37 50 77
38 55 68
38 62 4
38 59 81
39 57 98
39 55 44
39 51 48
40 57 97
40 55 18
40 52 73
41 53 39
41 56 88
41 51 10
42 61 96
42 57 21
42 58 76
43 65 3
43 63 27
43 64 48
44 54 44
44 65 87
44 64 30
45 62 74
45 50 73
45 60 43
46 58 88
46 51 76
46 52 18
47 61 97
47 57 2
47 62 51
48 56 62
48 58 68
48 60 57
49 57 18
49 53 4
49 62 100
50 77 77
50 67 30
50 69 90
51 78 88
51 74 100
51 70 88
52 80 93
52 76 4
52 68 92
53 73 8
53 75 54
53 66 40
54 76 52
54 66 9
54 68 91
55 80 88
55 67 19
55 75 3
56 80 97
56 77 12
56 68 39
57 74 33
57 79 46
57 78 48
58 81 3
58 71 99
58 75 65
59 79 41
59 69 12
59 76 49
60 81 91
60 70 71
60 76 69
61 75 77
61 66 95
61 77 98
62 71 75
62 81 39
62 75 34
63 66 19
63 73 80
63 75 13
64 71 33
64 76 35
64 77 5
65 78 55
65 70 70
65 74 48
66 93 10
66 90 6
66 87 4
67 94 40
67 92 85
67 89 62
68 84 83
68 87 15
68 89 56
69 94 55
69 91 38
69 92 48
70 93 77
70 91 82
70 90 17
71 82 90
71 88 26
71 97 87
72 93 76
72 95 67
72 89 97
73 95 96
73 83 62
73 97 38
74 97 47
74 86 66
74 85 87
75 83 30
75 96 32
75 92 88
76 91 55
76 88 80
76 96 49
77 87 22
77 90 55
77 97 92
78 92 98
78 86 22
78 84 69
79 91 43
79 82 47
79 89 32
80 96 12
80 94 77
80 95 53
81 82 31
81 84 14
81 92 15
82 113 97
82 104 57
82 99 54
83 104 48
83 110 90
83 105 52
84 102 67
84 107 97
84 101 27
85 113 36
85 107 66
85 105 38
86 111 83
86 113 46
86 110 77
87 98 42
87 100 12
87 104 82
88 103 100
88 113 99
88 100 29
89 106 45
89 111 68
89 102 1
90 111 23
90 112 64
90 109 79
91 99 51
91 113 40
91 103 35
92 103 21
92 99 80
92 110 2
93 109 67
93 107 90
93 104 52
94 101 28
94 103 71
94 108 52
95 103 28
95 107 18
95 105 20
96 107 36
96 110 73
96 106 19
97 98 18
97 107 1
97 104 88
98 119 36
98 122 51
98 123 4
99 128 36
99 116 35
99 114 90
100 124 91
100 129 19
100 120 12
101 126 48
101 129 40
101 114 69
102 120 17
102 125 5
102 115 43
103 119 85
103 115 44
103 125 59
104 119 18
104 115 10
104 121 95
105 121 67
105 114 19
105 119 1
106 114 7
106 120 74
106 122 62
107 118 4
107 114 25
107 126 54
108 123 37
108 119 44
108 120 98
109 115 46
109 119 79
109 116 44
110 122 87
110 117 28
110 121 86
111 129 96
111 126 51
111 121 38
112 114 43
112 116 2
112 115 74
113 126 76
113 121 13
113 120 12
114 138 96
114 137 87
114 130 94
115 136 6
115 143 43
115 133 4
116 143 52
116 136 44
116 139 89
117 143 56
117 138 66
117 133 85
118 136 36
118 145 27
118 140 11
119 132 65
119 144 69
119 139 55
120 136 17
120 133 15
120 135 28
121 140 66
121 137 96
121 142 87
122 139 75
122 132 15
122 135 92
123 138 4
123 131 17
123 132 56
124 135 99
124 144 11
124 131 52
125 134 37
125 131 36
125 138 80
126 133 29
126 136 86
126 145 2
127 144 13
127 138 83
127 145 83
128 132 19
128 145 84
128 134 97
129 135 32
129 138 72
129 130 32
130 153 41
130 146 77
130 149 15
131 149 32
131 152 57
131 151 32
132 151 83
132 150 7
132 160 57
133 154 55
133 148 70
133 150 33
134 156 86
134 147 81
134 146 71
135 156 7
135 161 30
135 155 6
136 146 33
136 156 90
136 147 1
137 146 64
137 153 20
137 157 2
138 151 67
138 157 41
138 153 20
139 161 100
139 158 95
139 155 40
140 156 44
140 158 54
140 159 56
141 155 44
141 160 51
141 147 38
142 156 27
142 159 35
142 160 79
143 159 22
143 151 89
143 147 91
144 152 45
144 159 54
144 150 28
145 154 36
145 150 46
145 160 34
146 163 81
146 177 50
146 168 36
147 176 65
147 177 18
147 167 37
148 176 72
148 165 28
148 167 21
149 175 15
149 167 95
149 162 9
150 172 57
150 166 58
150 164 76
151 173 6
151 177 91
151 164 100
152 168 87
152 174 58
152 169 85
153 166 57
153 174 25
153 167 34
154 168 9
154 171 44
154 164 12
155 174 100
155 172 99
155 165 59
156 176 7
156 171 38
156 163 34
157 166 13
157 175 88
157 169 42
158 176 64
158 166 54
158 164 87
159 167 9
159 169 62
159 174 100
160 176 9
160 169 33
160 173 95
161 171 97
161 169 10
161 170 74
162 191 68
162 183 39
162 181 87
163 179 10
163 191 22
163 188 33
164 180 44
164 190 42
164 182 1
165 187 10
165 182 97
165 193 91
166 188 51
166 181 10
166 192 52
167 186 12
167 188 25
167 184 37
168 183 39
168 189 36
168 185 97
169 184 60
169 185 36
169 183 41
170 185 20
170 189 22
170 181 85
171 185 29
171 193 99
171 192 1
172 184 92
172 187 38
172 181 96
173 185 14
173 190 82
173 180 33
174 185 43
174 190 53
174 188 83
175 179 38
175 181 57
175 183 2
176 190 89
176 181 54
176 193 53
177 184 61
177 192 46
177 189 45
178 199 8
178 201 50
178 194 73
179 197 46
179 195 81
179 203 59
180 204 91
180 202 92
180 201 64
181 208 33
181 194 52
181 209 23
182 196 22
182 197 80
182 194 37
183 204 60
183 200 88
183 202 56
184 200 32
184 194 13
184 202 55
185 199 56
185 206 92
185 200 82
186 203 71
186 201 91
186 206 71
187 202 22
187 203 18
187 200 35
188 195 45
188 199 55
188 201 22
189 204 63
189 200 51
189 199 25
190 205 36
190 200 42
190 204 24
191 194 91
191 199 20
191 197 94
192 208 65
192 199 79
192 209 26
193 199 70
193 201 87
193 198 17
194 224 5
194 214 67
194 220 76
195 213 1
195 225 51
195 215 81
196 213 81
196 221 87
196 223 92
197 220 55
197 217 53
197 212 99
198 216 9
198 211 48
198 219 68
199 224 75
199 225 18
199 222 72
200 215 8
200 224 44
200 210 20
201 212 89
201 218 40
201 221 92
202 214 5
202 223 24
202 217 35
203 211 29
203 219 25
203 214 11
204 219 69
204 222 97
204 221 92
205 215 82
205 213 7
205 218 12
206 225 25
206 216 94
206 217 75
207 210 33
207 225 43
207 223 84
208 211 43
208 217 77
208 213 35
209 212 15
209 214 23
209 219 41
210 234 22
210 227 92
210 230 96
211 230 33
211 231 87
211 232 53
212 226 93
212 231 1
212 236 86
213 228 1
213 237 28
213 239 44
214 235 96
214 234 17
214 230 99
215 227 79
215 234 72
215 235 96
216 236 20
216 238 56
216 240 27
217 237 73
217 234 65
217 230 15
218 240 31
218 234 96
218 237 19
219 233 4
219 229 40
219 236 69
220 233 8
220 241 84
220 235 39
221 237 31
221 231 36
221 226 4
222 233 60
222 230 31
222 232 54
223 229 46
223 237 90
223 239 76
224 239 100
224 227 1
224 236 87
225 234 70
225 233 7
225 227 43
226 242 48
226 255 22
226 244 36
227 253 87
227 245 9
227 246 67
228 249 13
228 245 61
228 255 33
229 250 48
229 252 76
229 255 49
230 250 58
230 246 13
230 248 58
231 257 91
231 250 33
231 256 13
232 244 86
232 256 77
232 253 58
233 247 68
233 245 56
233 257 32
234 249 6
234 245 15
234 243 5
235 247 59
235 250 21
235 242 51
236 244 84
236 251 50
236 242 5
237 255 62
237 246 30
237 244 98
238 254 60
238 246 32
238 252 5
239 252 46
239 254 66
239 245 39
240 247 27
240 251 60
240 250 98
241 257 65
241 254 33
241 250 59
242 258 300
243 258 300
244 258 300
245 258 300
246 258 300
247 258 300
248 258 300
249 258 300
250 258 300
251 258 300
252 258 300
253 258 300
254 258 300
255 258 300
256 258 300
257 258 300
