1
256 1008
1 256
1 27 8516
1 2 160000
1 5 160000
2 22 527
2 3 160000
2 1 160000
2 6 160000
3 23 287
3 4 160000
3 2 160000
3 7 160000
4 25 7016
4 3 160000
4 8 160000
5 19 6203
5 6 160000
5 9 160000
5 1 160000
6 21 1263
6 7 160000
6 5 160000
6 10 160000
6 2 160000
7 31 9678
7 8 160000
7 6 160000
7 11 160000
7 3 160000
8 24 363
8 7 160000
8 12 160000
8 4 160000
9 18 1167
9 10 160000
9 13 160000
9 5 160000
10 30 5352
10 11 160000
10 9 160000
10 14 160000
10 6 160000
11 32 8224
11 12 160000
11 10 160000
11 15 160000
11 7 160000
12 26 1705
12 11 160000
12 16 160000
12 8 160000
13 29 6437
13 14 160000
13 9 160000
14 17 4424
14 15 160000
14 13 160000
14 10 160000
15 28 5029
15 16 160000
15 14 160000
15 11 160000
16 20 8286
16 15 160000
16 12 160000
17 47 6382
17 18 160000
17 21 160000
18 38 6265
18 19 160000
18 17 160000
18 22 160000
19 43 2052
19 20 160000
19 18 160000
19 23 160000
20 37 5656
20 19 160000
20 24 160000
21 33 6525
21 22 160000
21 25 160000
21 17 160000
22 35 4669
22 23 160000
22 21 160000
22 26 160000
22 18 160000
23 40 4683
23 24 160000
23 22 160000
23 27 160000
23 19 160000
24 48 5137
24 23 160000
24 28 160000
24 20 160000
25 44 8040
25 26 160000
25 29 160000
25 21 160000
26 46 8131
26 27 160000
26 25 160000
26 30 160000
26 22 160000
27 41 6113
27 28 160000
27 26 160000
27 31 160000
27 23 160000
28 36 8188
28 27 160000
28 32 160000
28 24 160000
29 45 4561
29 30 160000
29 25 160000
30 42 3236
30 31 160000
30 29 160000
30 26 160000
31 34 810
31 32 160000
31 30 160000
31 27 160000
32 39 982
32 31 160000
32 28 160000
33 50 8816
33 34 160000
33 37 160000
34 51 8111
34 35 160000
34 33 160000
34 38 160000
35 49 7577
35 36 160000
35 34 160000
35 39 160000
36 61 3831
36 35 160000
36 40 160000
37 57 9729
37 38 160000
37 41 160000
37 33 160000
38 53 7718
38 39 160000
38 37 160000
38 42 160000
38 34 160000
39 58 2996
39 40 160000
39 38 160000
39 43 160000
39 35 160000
40 54 6002
40 39 160000
40 44 160000
40 36 160000
41 52 8014
41 42 160000
41 45 160000
41 37 160000
42 60 1094
42 43 160000
42 41 160000
42 46 160000
42 38 160000
43 59 3451
43 44 160000
43 42 160000
43 47 160000
43 39 160000
44 62 4121
44 43 160000
44 48 160000
44 40 160000
45 56 2153
45 46 160000
45 41 160000
46 63 4553
46 47 160000
46 45 160000
46 42 160000
47 55 985
47 48 160000
47 46 160000
47 43 160000
48 64 3428
48 47 160000
48 44 160000
49 68 8854
49 50 160000
49 53 160000
50 76 3946
50 51 160000
50 49 160000
50 54 160000
51 66 2845
51 52 160000
51 50 160000
51 55 160000
52 79 9504
52 51 160000
52 56 160000
53 75 6625
53 54 160000
53 57 160000
53 49 160000
54 74 4575
54 55 160000
54 53 160000
54 58 160000
54 50 160000
55 80 5538
55 56 160000
55 54 160000
55 59 160000
55 51 160000
56 65 3547
56 55 160000
56 60 160000
56 52 160000
57 71 3520
57 58 160000
57 61 160000
57 53 160000
58 73 2441
58 59 160000
58 57 160000
58 62 160000
58 54 160000
59 78 520
59 60 160000
59 58 160000
59 63 160000
59 55 160000
60 67 8624
60 59 160000
60 64 160000
60 56 160000
61 77 1437
61 62 160000
61 57 160000
62 72 7781
62 63 160000
62 61 160000
62 58 160000
63 69 8689
63 64 160000
63 62 160000
63 59 160000
64 70 739
64 63 160000
64 60 160000
65 94 603
65 66 160000
65 69 160000
66 96 9467
66 67 160000
66 65 160000
66 70 160000
67 90 637
67 68 160000
67 66 160000
67 71 160000
68 82 7374
68 67 160000
68 72 160000
69 93 270
69 70 160000
69 73 160000
69 65 160000
70 85 9578
70 71 160000
70 69 160000
70 74 160000
70 66 160000
71 91 3416
71 72 160000
71 70 160000
71 75 160000
71 67 160000
72 83 9808
72 71 160000
72 76 160000
72 68 160000
73 95 8860
73 74 160000
73 77 160000
73 69 160000
74 86 9553
74 75 160000
74 73 160000
74 78 160000
74 70 160000
75 92 2139
75 76 160000
75 74 160000
75 79 160000
75 71 160000
76 89 6097
76 75 160000
76 80 160000
76 72 160000
77 84 8340
77 78 160000
77 73 160000
78 88 2364
78 79 160000
78 77 160000
78 74 160000
79 81 7859
79 80 160000
79 78 160000
79 75 160000
80 87 1533
80 79 160000
80 76 160000
81 106 5963
81 82 160000
81 85 160000
82 112 3757
82 83 160000
82 81 160000
82 86 160000
83 103 1228
83 84 160000
83 82 160000
83 87 160000
84 99 7575
84 83 160000
84 88 160000
85 100 7713
85 86 160000
85 89 160000
85 81 160000
86 111 3674
86 87 160000
86 85 160000
86 90 160000
86 82 160000
87 101 5253
87 88 160000
87 86 160000
87 91 160000
87 83 160000
88 105 5878
88 87 160000
88 92 160000
88 84 160000
89 98 1898
89 90 160000
89 93 160000
89 85 160000
90 108 7607
90 91 160000
90 89 160000
90 94 160000
90 86 160000
91 97 3819
91 92 160000
91 90 160000
91 95 160000
91 87 160000
92 110 2740
92 91 160000
92 96 160000
92 88 160000
93 102 1751
93 94 160000
93 89 160000
94 104 1854
94 95 160000
94 93 160000
94 90 160000
95 109 2436
95 96 160000
95 94 160000
95 91 160000
96 107 1644
96 95 160000
96 92 160000
97 115 5758
97 98 160000
97 101 160000
98 117 2847
98 99 160000
98 97 160000
98 102 160000
99 123 3200
99 100 160000
99 98 160000
99 103 160000
100 122 8949
100 99 160000
100 104 160000
101 127 900
101 102 160000
101 105 160000
101 97 160000
102 116 6087
102 103 160000
102 101 160000
102 106 160000
102 98 160000
103 124 3212
103 104 160000
103 102 160000
103 107 160000
103 99 160000
104 120 4871
104 103 160000
104 108 160000
104 100 160000
105 113 4537
105 106 160000
105 109 160000
105 101 160000
106 114 1886
106 107 160000
106 105 160000
106 110 160000
106 102 160000
107 128 5919
107 108 160000
107 106 160000
107 111 160000
107 103 160000
108 118 134
108 107 160000
108 112 160000
108 104 160000
109 119 6030
109 110 160000
109 105 160000
110 126 9543
110 111 160000
110 109 160000
110 106 160000
111 125 5314
111 112 160000
111 110 160000
111 107 160000
112 121 3863
112 111 160000
112 108 160000
113 141 7103
113 114 160000
113 117 160000
114 135 3745
114 115 160000
114 113 160000
114 118 160000
115 129 474
115 116 160000
115 114 160000
115 119 160000
116 132 2910
116 115 160000
116 120 160000
117 137 4727
117 118 160000
117 121 160000
117 113 160000
118 133 9415
118 119 160000
118 117 160000
118 122 160000
118 114 160000
119 130 5304
119 120 160000
119 118 160000
119 123 160000
119 115 160000
120 140 932
120 119 160000
120 124 160000
120 116 160000
121 139 8733
121 122 160000
121 125 160000
121 117 160000
122 138 7742
122 123 160000
122 121 160000
122 126 160000
122 118 160000
123 144 1244
123 124 160000
123 122 160000
123 127 160000
123 119 160000
124 142 9052
124 123 160000
124 128 160000
124 120 160000
125 143 1444
125 126 160000
125 121 160000
126 131 1108
126 127 160000
126 125 160000
126 122 160000
127 134 7293
127 128 160000
127 126 160000
127 123 160000
128 136 88
128 127 160000
128 124 160000
129 148 638
129 130 160000
129 133 160000
130 151 5636
130 131 160000
130 129 160000
130 134 160000
131 152 770
131 132 160000
131 130 160000
131 135 160000
132 153 7283
132 131 160000
132 136 160000
133 159 5171
133 134 160000
133 137 160000
133 129 160000
134 150 1867
134 135 160000
134 133 160000
134 138 160000
134 130 160000
135 155 455
135 136 160000
135 134 160000
135 139 160000
135 131 160000
136 160 5512
136 135 160000
136 140 160000
136 132 160000
137 158 6015
137 138 160000
137 141 160000
137 133 160000
138 156 6849
138 139 160000
138 137 160000
138 142 160000
138 134 160000
139 157 3741
139 140 160000
139 138 160000
139 143 160000
139 135 160000
140 145 6016
140 139 160000
140 144 160000
140 136 160000
141 149 8410
141 142 160000
141 137 160000
142 146 8163
142 143 160000
142 141 160000
142 138 160000
143 147 7448
143 144 160000
143 142 160000
143 139 160000
144 154 4838
144 143 160000
144 140 160000
145 169 2796
145 146 160000
145 149 160000
146 168 6053
146 147 160000
146 145 160000
146 150 160000
147 174 1805
147 148 160000
147 146 160000
147 151 160000
148 176 2762
148 147 160000
148 152 160000
149 173 301
149 150 160000
149 153 160000
149 145 160000
150 167 2387
150 151 160000
150 149 160000
150 154 160000
150 146 160000
151 165 866
151 152 160000
151 150 160000
151 155 160000
151 147 160000
152 166 1426
152 151 160000
152 156 160000
152 148 160000
153 163 8330
153 154 160000
153 157 160000
153 149 160000
154 171 8077
154 155 160000
154 153 160000
154 158 160000
154 150 160000
155 162 4754
155 156 160000
155 154 160000
155 159 160000
155 151 160000
156 161 1081
156 155 160000
156 160 160000
156 152 160000
157 170 5515
157 158 160000
157 153 160000
158 164 8921
158 159 160000
158 157 160000
158 154 160000
159 172 4839
159 160 160000
159 158 160000
159 155 160000
160 175 4889
160 159 160000
160 156 160000
161 181 4994
161 162 160000
161 165 160000
162 177 357
162 163 160000
162 161 160000
162 166 160000
163 185 6082
163 164 160000
163 162 160000
163 167 160000
164 187 7641
164 163 160000
164 168 160000
165 180 8085
165 166 160000
165 169 160000
165 161 160000
166 179 9369
166 167 160000
166 165 160000
166 170 160000
166 162 160000
167 191 3004
167 168 160000
167 166 160000
167 171 160000
167 163 160000
168 184 2479
168 167 160000
168 172 160000
168 164 160000
169 178 2003
169 170 160000
169 173 160000
169 165 160000
170 189 3374
170 171 160000
170 169 160000
170 174 160000
170 166 160000
171 190 206
171 172 160000
171 170 160000
171 175 160000
171 167 160000
172 192 9525
172 171 160000
172 176 160000
172 168 160000
173 182 313
173 174 160000
173 169 160000
174 188 1524
174 175 160000
174 173 160000
174 170 160000
175 183 1757
175 176 160000
175 174 160000
175 171 160000
176 186 138
176 175 160000
176 172 160000
177 194 5457
177 178 160000
177 181 160000
178 208 2561
178 179 160000
178 177 160000
178 182 160000
179 206 8807
179 180 160000
179 178 160000
179 183 160000
180 193 7547
180 179 160000
180 184 160000
181 198 7648
181 182 160000
181 185 160000
181 177 160000
182 204 4728
182 183 160000
182 181 160000
182 186 160000
182 178 160000
183 195 634
183 184 160000
183 182 160000
183 187 160000
183 179 160000
184 203 6529
184 183 160000
184 188 160000
184 180 160000
185 202 2850
185 186 160000
185 189 160000
185 181 160000
186 207 1994
186 187 160000
186 185 160000
186 190 160000
186 182 160000
187 199 2160
187 188 160000
187 186 160000
187 191 160000
187 183 160000
188 196 6717
188 187 160000
188 192 160000
188 184 160000
189 200 990
189 190 160000
189 185 160000
190 201 1973
190 191 160000
190 189 160000
190 186 160000
191 205 3002
191 192 160000
191 190 160000
191 187 160000
192 197 7414
192 191 160000
192 188 160000
193 218 2861
193 194 160000
193 197 160000
194 214 3090
194 195 160000
194 193 160000
194 198 160000
195 217 8181
195 196 160000
195 194 160000
195 199 160000
196 213 467
196 195 160000
196 200 160000
197 223 6672
197 198 160000
197 201 160000
197 193 160000
198 211 6560
198 199 160000
198 197 160000
198 202 160000
198 194 160000
199 212 7542
199 200 160000
199 198 160000
199 203 160000
199 195 160000
200 221 4293
200 199 160000
200 204 160000
200 196 160000
201 222 2648
201 202 160000
201 205 160000
201 197 160000
202 216 5709
202 203 160000
202 201 160000
202 206 160000
202 198 160000
203 219 9871
203 204 160000
203 202 160000
203 207 160000
203 199 160000
204 215 4383
204 203 160000
204 208 160000
204 200 160000
205 209 641
205 206 160000
205 201 160000
206 224 3135
206 207 160000
206 205 160000
206 202 160000
207 220 5860
207 208 160000
207 206 160000
207 203 160000
208 210 1301
208 207 160000
208 204 160000
209 228 6746
209 210 160000
209 213 160000
210 238 2496
210 211 160000
210 209 160000
210 214 160000
211 229 8011
211 212 160000
211 210 160000
211 215 160000
212 235 4017
212 211 160000
212 216 160000
213 226 7470
213 214 160000
213 217 160000
213 209 160000
214 230 4656
214 215 160000
214 213 160000
214 218 160000
214 210 160000
215 237 6051
215 216 160000
215 214 160000
215 219 160000
215 211 160000
216 232 512
216 215 160000
216 220 160000
216 212 160000
217 239 1593
217 218 160000
217 221 160000
217 213 160000
218 234 9454
218 219 160000
218 217 160000
218 222 160000
218 214 160000
219 236 6647
219 220 160000
219 218 160000
219 223 160000
219 215 160000
220 240 6957
220 219 160000
220 224 160000
220 216 160000
221 227 1593
221 222 160000
221 217 160000
222 231 5935
222 223 160000
222 221 160000
222 218 160000
223 225 702
223 224 160000
223 222 160000
223 219 160000
224 233 6597
224 223 160000
224 220 160000
225 254 578
225 226 160000
225 229 160000
226 256 8819
226 227 160000
226 225 160000
226 230 160000
227 241 2432
227 228 160000
227 226 160000
227 231 160000
228 250 3574
228 227 160000
228 232 160000
229 244 4639
229 230 160000
229 233 160000
229 225 160000
230 243 2373
230 231 160000
230 229 160000
230 234 160000
230 226 160000
231 246 1702
231 232 160000
231 230 160000
231 235 160000
231 227 160000
232 252 5390
232 231 160000
232 236 160000
232 228 160000
233 253 9070
233 234 160000
233 237 160000
233 229 160000
234 242 6100
234 235 160000
234 233 160000
234 238 160000
234 230 160000
235 245 5766
235 236 160000
235 234 160000
235 239 160000
235 231 160000
236 251 4456
236 235 160000
236 240 160000
236 232 160000
237 249 2287
237 238 160000
237 233 160000
238 255 3243
238 239 160000
238 237 160000
238 234 160000
239 248 9422
239 240 160000
239 238 160000
239 235 160000
240 247 5986
240 239 160000
240 236 160000
241 242 160000
241 245 160000
242 243 160000
242 241 160000
242 246 160000
243 244 160000
243 242 160000
243 247 160000
244 243 160000
244 248 160000
245 246 160000
245 249 160000
245 241 160000
246 247 160000
246 245 160000
246 250 160000
246 242 160000
247 248 160000
247 246 160000
247 251 160000
247 243 160000
248 247 160000
248 252 160000
248 244 160000
249 250 160000
249 253 160000
249 245 160000
250 251 160000
250 249 160000
250 254 160000
250 246 160000
251 252 160000
251 250 160000
251 255 160000
251 247 160000
252 251 160000
252 256 160000
252 248 160000
253 254 160000
253 249 160000
254 255 160000
254 253 160000
254 250 160000
255 256 160000
255 254 160000
255 251 160000
256 255 160000
256 252 160000
